32
0.00001676 0.00164736 0.04609779 0.05865503 0.29616301 0.22762817 0.19077709 0.06956225 0.08721809 0.01278496 0.00475073 0.00154112 0.00142497 0.00040746 0.00032559 0.00009482 0.00087281 0.00001485 0.00001066 0.00000209 0.00000381 0.00000000 0.00000019 0.00000038 0.00000000 0.00000000 0.00000000 0.00000000 0.00000000 0.00000000 0.00000000 0.00000000
3
0.28064602 0.22584061 0.07678051 0.18692084 0.18294943 0.03839026 0.00847233 0.00000000 0.00000000 0.00000000 0.00000000 0.00000000 0.00000000 0.00000000 0.00000000 0.00000000 0.00000000 0.00000000 0.00000000 0.00000000 0.00000000 0.00000000 0.00000000 0.00000000 0.00000000 0.00000000 0.00000000 0.00000000 0.00000000 0.00000000 0.00000000 0.00000000
0.17278855 0.43073325 0.10290274 0.10042647 0.14995185 0.03480534 0.00839180 0.00000000 0.00000000 0.00000000 0.00000000 0.00000000 0.00000000 0.00000000 0.00000000 0.00000000 0.00000000 0.00000000 0.00000000 0.00000000 0.00000000 0.00000000 0.00000000 0.00000000 0.00000000 0.00000000 0.00000000 0.00000000 0.00000000 0.00000000 0.00000000 0.00000000
0.09408884 0.25008744 0.12766702 0.12102134 0.23259881 0.13711088 0.03707590 0.00034977 0.00000000 0.00000000 0.00000000 0.00000000 0.00000000 0.00000000 0.00000000 0.00000000 0.00000000 0.00000000 0.00000000 0.00000000 0.00000000 0.00000000 0.00000000 0.00000000 0.00000000 0.00000000 0.00000000 0.00000000 0.00000000 0.00000000 0.00000000 0.00000000
0.12276657 0.24418828 0.06647454 0.15811720 0.22478386 0.14947166 0.03419789 0.00000000 0.00000000 0.00000000 0.00000000 0.00000000 0.00000000 0.00000000 0.00000000 0.00000000 0.00000000 0.00000000 0.00000000 0.00000000 0.00000000 0.00000000 0.00000000 0.00000000 0.00000000 0.00000000 0.00000000 0.00000000 0.00000000 0.00000000 0.00000000 0.00000000
0.03561563 0.08938437 0.05949092 0.14571823 0.36345699 0.25532755 0.05080900 0.00019732 0.00000000 0.00000000 0.00000000 0.00000000 0.00000000 0.00000000 0.00000000 0.00000000 0.00000000 0.00000000 0.00000000 0.00000000 0.00000000 0.00000000 0.00000000 0.00000000 0.00000000 0.00000000 0.00000000 0.00000000 0.00000000 0.00000000 0.00000000 0.00000000
0.01025290 0.02039189 0.01942356 0.05058100 0.12810435 0.57068808 0.19970380 0.00085441 0.00000000 0.00000000 0.00000000 0.00000000 0.00000000 0.00000000 0.00000000 0.00000000 0.00000000 0.00000000 0.00000000 0.00000000 0.00000000 0.00000000 0.00000000 0.00000000 0.00000000 0.00000000 0.00000000 0.00000000 0.00000000 0.00000000 0.00000000 0.00000000
0.00030560 0.00072874 0.00385529 0.00543031 0.01354052 0.07886880 0.88382426 0.01344648 0.00000000 0.00000000 0.00000000 0.00000000 0.00000000 0.00000000 0.00000000 0.00000000 0.00000000 0.00000000 0.00000000 0.00000000 0.00000000 0.00000000 0.00000000 0.00000000 0.00000000 0.00000000 0.00000000 0.00000000 0.00000000 0.00000000 0.00000000 0.00000000
0.00000000 0.00232153 0.00116077 0.00174115 0.00638421 0.01508996 0.31572838 0.65177017 0.00580383 0.00000000 0.00000000 0.00000000 0.00000000 0.00000000 0.00000000 0.00000000 0.00000000 0.00000000 0.00000000 0.00000000 0.00000000 0.00000000 0.00000000 0.00000000 0.00000000 0.00000000 0.00000000 0.00000000 0.00000000 0.00000000 0.00000000 0.00000000
0.00000000 0.00000000 0.00000000 0.00000000 0.00000000 0.00000000 0.00000000 0.43478261 0.56521739 0.00000000 0.00000000 0.00000000 0.00000000 0.00000000 0.00000000 0.00000000 0.00000000 0.00000000 0.00000000 0.00000000 0.00000000 0.00000000 0.00000000 0.00000000 0.00000000 0.00000000 0.00000000 0.00000000 0.00000000 0.00000000 0.00000000 0.00000000
0.00000000 0.00000000 0.00000000 0.00000000 0.00000000 0.00000000 0.00000000 0.00000000 0.00000000 0.00000000 0.00000000 0.00000000 0.00000000 0.00000000 0.00000000 0.00000000 0.00000000 0.00000000 0.00000000 0.00000000 0.00000000 0.00000000 0.00000000 0.00000000 0.00000000 0.00000000 0.00000000 0.00000000 0.00000000 0.00000000 0.00000000 0.00000000
0.00000000 0.00000000 0.00000000 0.00000000 0.00000000 0.00000000 0.00000000 0.00000000 0.00000000 0.00000000 0.00000000 0.00000000 0.00000000 0.00000000 0.00000000 0.00000000 0.00000000 0.00000000 0.00000000 0.00000000 0.00000000 0.00000000 0.00000000 0.00000000 0.00000000 0.00000000 0.00000000 0.00000000 0.00000000 0.00000000 0.00000000 0.00000000
0.00000000 0.00000000 0.00000000 0.00000000 0.00000000 0.00000000 0.00000000 0.00000000 0.00000000 0.00000000 0.00000000 0.00000000 0.00000000 0.00000000 0.00000000 0.00000000 0.00000000 0.00000000 0.00000000 0.00000000 0.00000000 0.00000000 0.00000000 0.00000000 0.00000000 0.00000000 0.00000000 0.00000000 0.00000000 0.00000000 0.00000000 0.00000000
0.00000000 0.00000000 0.00000000 0.00000000 0.00000000 0.00000000 0.00000000 0.00000000 0.00000000 0.00000000 0.00000000 0.00000000 0.00000000 0.00000000 0.00000000 0.00000000 0.00000000 0.00000000 0.00000000 0.00000000 0.00000000 0.00000000 0.00000000 0.00000000 0.00000000 0.00000000 0.00000000 0.00000000 0.00000000 0.00000000 0.00000000 0.00000000
0.00000000 0.00000000 0.00000000 0.00000000 0.00000000 0.00000000 0.00000000 0.00000000 0.00000000 0.00000000 0.00000000 0.00000000 0.00000000 0.00000000 0.00000000 0.00000000 0.00000000 0.00000000 0.00000000 0.00000000 0.00000000 0.00000000 0.00000000 0.00000000 0.00000000 0.00000000 0.00000000 0.00000000 0.00000000 0.00000000 0.00000000 0.00000000
0.00000000 0.00000000 0.00000000 0.00000000 0.00000000 0.00000000 0.00000000 0.00000000 0.00000000 0.00000000 0.00000000 0.00000000 0.00000000 0.00000000 0.00000000 0.00000000 0.00000000 0.00000000 0.00000000 0.00000000 0.00000000 0.00000000 0.00000000 0.00000000 0.00000000 0.00000000 0.00000000 0.00000000 0.00000000 0.00000000 0.00000000 0.00000000
0.00000000 0.00000000 0.00000000 0.00000000 0.00000000 0.00000000 0.00000000 0.00000000 0.00000000 0.00000000 0.00000000 0.00000000 0.00000000 0.00000000 0.00000000 0.00000000 0.00000000 0.00000000 0.00000000 0.00000000 0.00000000 0.00000000 0.00000000 0.00000000 0.00000000 0.00000000 0.00000000 0.00000000 0.00000000 0.00000000 0.00000000 0.00000000
0.00000000 0.00000000 0.00000000 0.00000000 0.00000000 0.00000000 0.00000000 0.00000000 0.00000000 0.00000000 0.00000000 0.00000000 0.00000000 0.00000000 0.00000000 0.00000000 0.00000000 0.00000000 0.00000000 0.00000000 0.00000000 0.00000000 0.00000000 0.00000000 0.00000000 0.00000000 0.00000000 0.00000000 0.00000000 0.00000000 0.00000000 0.00000000
0.00000000 0.00000000 0.00000000 0.00000000 0.00000000 0.00000000 0.00000000 0.00000000 0.00000000 0.00000000 0.00000000 0.00000000 0.00000000 0.00000000 0.00000000 0.00000000 0.00000000 0.00000000 0.00000000 0.00000000 0.00000000 0.00000000 0.00000000 0.00000000 0.00000000 0.00000000 0.00000000 0.00000000 0.00000000 0.00000000 0.00000000 0.00000000
0.00000000 0.00000000 0.00000000 0.00000000 0.00000000 0.00000000 0.00000000 0.00000000 0.00000000 0.00000000 0.00000000 0.00000000 0.00000000 0.00000000 0.00000000 0.00000000 0.00000000 0.00000000 0.00000000 0.00000000 0.00000000 0.00000000 0.00000000 0.00000000 0.00000000 0.00000000 0.00000000 0.00000000 0.00000000 0.00000000 0.00000000 0.00000000
0.00000000 0.00000000 0.00000000 0.00000000 0.00000000 0.00000000 0.00000000 0.00000000 0.00000000 0.00000000 0.00000000 0.00000000 0.00000000 0.00000000 0.00000000 0.00000000 0.00000000 0.00000000 0.00000000 0.00000000 0.00000000 0.00000000 0.00000000 0.00000000 0.00000000 0.00000000 0.00000000 0.00000000 0.00000000 0.00000000 0.00000000 0.00000000
0.00000000 0.00000000 0.00000000 0.00000000 0.00000000 0.00000000 0.00000000 0.00000000 0.00000000 0.00000000 0.00000000 0.00000000 0.00000000 0.00000000 0.00000000 0.00000000 0.00000000 0.00000000 0.00000000 0.00000000 0.00000000 0.00000000 0.00000000 0.00000000 0.00000000 0.00000000 0.00000000 0.00000000 0.00000000 0.00000000 0.00000000 0.00000000
0.00000000 0.00000000 0.00000000 0.00000000 0.00000000 0.00000000 0.00000000 0.00000000 0.00000000 0.00000000 0.00000000 0.00000000 0.00000000 0.00000000 0.00000000 0.00000000 0.00000000 0.00000000 0.00000000 0.00000000 0.00000000 0.00000000 0.00000000 0.00000000 0.00000000 0.00000000 0.00000000 0.00000000 0.00000000 0.00000000 0.00000000 0.00000000
0.00000000 0.00000000 0.00000000 0.00000000 0.00000000 0.00000000 0.00000000 0.00000000 0.00000000 0.00000000 0.00000000 0.00000000 0.00000000 0.00000000 0.00000000 0.00000000 0.00000000 0.00000000 0.00000000 0.00000000 0.00000000 0.00000000 0.00000000 0.00000000 0.00000000 0.00000000 0.00000000 0.00000000 0.00000000 0.00000000 0.00000000 0.00000000
0.00000000 0.00000000 0.00000000 0.00000000 0.00000000 0.00000000 0.00000000 0.00000000 0.00000000 0.00000000 0.00000000 0.00000000 0.00000000 0.00000000 0.00000000 0.00000000 0.00000000 0.00000000 0.00000000 0.00000000 0.00000000 0.00000000 0.00000000 0.00000000 0.00000000 0.00000000 0.00000000 0.00000000 0.00000000 0.00000000 0.00000000 0.00000000
0.00000000 0.00000000 0.00000000 0.00000000 0.00000000 0.00000000 0.00000000 0.00000000 0.00000000 0.00000000 0.00000000 0.00000000 0.00000000 0.00000000 0.00000000 0.00000000 0.00000000 0.00000000 0.00000000 0.00000000 0.00000000 0.00000000 0.00000000 0.00000000 0.00000000 0.00000000 0.00000000 0.00000000 0.00000000 0.00000000 0.00000000 0.00000000
0.00000000 0.00000000 0.00000000 0.00000000 0.00000000 0.00000000 0.00000000 0.00000000 0.00000000 0.00000000 0.00000000 0.00000000 0.00000000 0.00000000 0.00000000 0.00000000 0.00000000 0.00000000 0.00000000 0.00000000 0.00000000 0.00000000 0.00000000 0.00000000 0.00000000 0.00000000 0.00000000 0.00000000 0.00000000 0.00000000 0.00000000 0.00000000
0.00000000 0.00000000 0.00000000 0.00000000 0.00000000 0.00000000 0.00000000 0.00000000 0.00000000 0.00000000 0.00000000 0.00000000 0.00000000 0.00000000 0.00000000 0.00000000 0.00000000 0.00000000 0.00000000 0.00000000 0.00000000 0.00000000 0.00000000 0.00000000 0.00000000 0.00000000 0.00000000 0.00000000 0.00000000 0.00000000 0.00000000 0.00000000
0.00000000 0.00000000 0.00000000 0.00000000 0.00000000 0.00000000 0.00000000 0.00000000 0.00000000 0.00000000 0.00000000 0.00000000 0.00000000 0.00000000 0.00000000 0.00000000 0.00000000 0.00000000 0.00000000 0.00000000 0.00000000 0.00000000 0.00000000 0.00000000 0.00000000 0.00000000 0.00000000 0.00000000 0.00000000 0.00000000 0.00000000 0.00000000
0.00000000 0.00000000 0.00000000 0.00000000 0.00000000 0.00000000 0.00000000 0.00000000 0.00000000 0.00000000 0.00000000 0.00000000 0.00000000 0.00000000 0.00000000 0.00000000 0.00000000 0.00000000 0.00000000 0.00000000 0.00000000 0.00000000 0.00000000 0.00000000 0.00000000 0.00000000 0.00000000 0.00000000 0.00000000 0.00000000 0.00000000 0.00000000
0.00000000 0.00000000 0.00000000 0.00000000 0.00000000 0.00000000 0.00000000 0.00000000 0.00000000 0.00000000 0.00000000 0.00000000 0.00000000 0.00000000 0.00000000 0.00000000 0.00000000 0.00000000 0.00000000 0.00000000 0.00000000 0.00000000 0.00000000 0.00000000 0.00000000 0.00000000 0.00000000 0.00000000 0.00000000 0.00000000 0.00000000 0.00000000
0.00000000 0.00000000 0.00000000 0.00000000 0.00000000 0.00000000 0.00000000 0.00000000 0.00000000 0.00000000 0.00000000 0.00000000 0.00000000 0.00000000 0.00000000 0.00000000 0.00000000 0.00000000 0.00000000 0.00000000 0.00000000 0.00000000 0.00000000 0.00000000 0.00000000 0.00000000 0.00000000 0.00000000 0.00000000 0.00000000 0.00000000 0.00000000
0.00000000 0.00000000 0.00000000 0.00000000 0.00000000 0.00000000 0.00000000 0.00000000 0.00000000 0.00000000 0.00000000 0.00000000 0.00000000 0.00000000 0.00000000 0.00000000 0.00000000 0.00000000 0.00000000 0.00000000 0.00000000 0.00000000 0.00000000 0.00000000 0.00000000 0.00000000 0.00000000 0.00000000 0.00000000 0.00000000 0.00000000 0.00000000
0.00000000 0.00000000 0.14772727 0.52272727 0.28409091 0.01136364 0.00000000 0.00000000 0.00000000 0.00000000 0.00000000 0.00000000 0.00000000 0.00000000 0.03409091 0.00000000 0.00000000 0.00000000 0.00000000 0.00000000 0.00000000 0.00000000 0.00000000 0.00000000 0.00000000 0.00000000 0.00000000 0.00000000 0.00000000 0.00000000 0.00000000 0.00000000
0.00000000 0.02843273 0.00982432 0.05859917 0.47896440 0.36604253 0.01051780 0.00104022 0.01583449 0.00843736 0.00196486 0.00104022 0.00011558 0.00023116 0.00069348 0.00161812 0.00242718 0.00150254 0.00000000 0.00034674 0.00115580 0.00023116 0.00023116 0.00069348 0.00000000 0.00000000 0.00000000 0.00046232 0.00011558 0.00000000 0.00000000 0.00947758
0.00000000 0.01942530 0.00522083 0.09237238 0.22738706 0.04666119 0.05829241 0.18816061 0.03583540 0.02289071 0.01639771 0.02412570 0.00490279 0.00524974 0.00914885 0.00492757 0.00328367 0.00867798 0.00248650 0.00488627 0.00218911 0.00199086 0.00334150 0.00189586 0.00080956 0.00042130 0.00015696 0.00166868 0.00144151 0.00000000 0.00000000 0.20575200
0.00000000 0.02932565 0.00676171 0.06596810 0.20757779 0.15232521 0.07681346 0.12347026 0.09800752 0.02768959 0.01792195 0.00912815 0.00758948 0.00471015 0.01003058 0.00622285 0.00542755 0.02054159 0.01428627 0.01219900 0.00943329 0.00701816 0.02325861 0.00759597 0.00510618 0.00302540 0.00082127 0.00303190 0.01325400 0.00000000 0.00000000 0.03145836
0.00000000 0.06830983 0.04786053 0.03381643 0.08568479 0.11408351 0.05493434 0.10326740 0.05743842 0.03685348 0.03504951 0.05000974 0.02331083 0.02841994 0.00994756 0.00663278 0.00572886 0.02951866 0.01264580 0.02572492 0.01675585 0.01136258 0.04150227 0.01807186 0.00950589 0.00444307 0.00186119 0.00751740 0.03689784 0.00000000 0.00000000 0.02284473
0.00000000 0.07652383 0.03676924 0.07555855 0.08841164 0.14642454 0.07982367 0.11312160 0.06474977 0.03717158 0.02657276 0.03367684 0.00850767 0.00818395 0.00891586 0.00604010 0.00566620 0.02341762 0.01222240 0.02000652 0.01307225 0.00956412 0.02668066 0.01097356 0.00615386 0.00349307 0.00138016 0.00659635 0.02594876 0.00000000 0.00000000 0.02437286
0.00000000 0.05891212 0.06493228 0.07276986 0.04731593 0.08722443 0.12132336 0.14905681 0.11441594 0.04951860 0.02521141 0.02540403 0.00552713 0.00581057 0.00748528 0.00743438 0.00356599 0.01482284 0.01403739 0.01515419 0.00908613 0.01024485 0.02541800 0.00945141 0.00585648 0.00350211 0.00057387 0.00228850 0.01153032 0.00000000 0.00000000 0.03212581
0.00000000 0.12735156 0.09260613 0.12243015 0.07761747 0.03768513 0.01918745 0.11867478 0.13461323 0.04585828 0.01102799 0.00926800 0.00488582 0.00593962 0.00404551 0.01225697 0.00238680 0.02018377 0.01007273 0.02347109 0.01283178 0.01095683 0.02645185 0.00627629 0.00508289 0.00386486 0.00051458 0.00384023 0.01047509 0.00000000 0.00000000 0.04014310
0.00000000 0.01813252 0.02682548 0.20610079 0.12051599 0.08395842 0.10733247 0.09477986 0.07465857 0.09585174 0.04118348 0.01030406 0.00267425 0.00178356 0.00118322 0.00246904 0.00157181 0.01256134 0.01011195 0.01124496 0.00907499 0.00708404 0.01929609 0.00491407 0.00367628 0.00275284 0.00034711 0.00132075 0.00568470 0.00000000 0.00000000 0.02260562
0.00000000 0.00165309 0.01097592 0.17921873 0.12523270 0.18425246 0.03690411 0.03286818 0.02956201 0.09692168 0.05726242 0.02408149 0.00293386 0.00372317 0.00452738 0.01124399 0.01122909 0.03889973 0.01154184 0.03374685 0.00999300 0.01387999 0.03531059 0.00761017 0.00720807 0.00616558 0.00037232 0.00068506 0.00111695 0.00000000 0.00000000 0.02087956
0.00000000 0.00957877 0.01162278 0.31233217 0.08929502 0.05855477 0.05158110 0.03294457 0.17337982 0.06769268 0.05226243 0.00941846 0.00412809 0.00432848 0.00344676 0.01210372 0.00296581 0.00228448 0.00076149 0.00068134 0.00188369 0.00108212 0.00256503 0.00200393 0.00108212 0.00116228 0.00028055 0.00092181 0.00212416 0.00000000 0.00000000 0.08753156
0.00000000 0.00160613 0.03335804 0.06115641 0.14801087 0.16407215 0.16197183 0.06931060 0.07746479 0.07746479 0.02989869 0.01025451 0.00704225 0.01531999 0.00135903 0.00345935 0.00074129 0.00049419 0.00098839 0.00123548 0.00234742 0.00111193 0.00333580 0.00148258 0.00148258 0.00074129 0.00074129 0.00160613 0.00852483 0.00000000 0.00000000 0.11341735
0.00000000 0.04449492 0.01042223 0.02284874 0.07362373 0.06440406 0.10288616 0.15312667 0.09086050 0.20483699 0.05010689 0.00320684 0.00815072 0.00801710 0.00681454 0.00267237 0.00066809 0.00013362 0.00040086 0.00000000 0.00013362 0.00000000 0.00053447 0.00066809 0.00080171 0.00000000 0.00026724 0.00093533 0.00267237 0.00000000 0.00000000 0.14631213
0.00000000 0.00000000 0.00000000 0.00093458 0.01542056 0.00934579 0.08457944 0.03691589 0.10046729 0.07056075 0.02850467 0.00140187 0.00467290 0.00747664 0.00747664 0.00514019 0.00093458 0.00093458 0.00000000 0.00000000 0.00000000 0.00000000 0.00000000 0.00093458 0.00046729 0.00000000 0.00000000 0.00046729 0.00420561 0.00000000 0.00000000 0.61915888
0.00000000 0.00000000 0.00467836 0.01345029 0.07953216 0.05087719 0.08011696 0.18245614 0.06842105 0.26842105 0.04619883 0.05029240 0.02923977 0.00350877 0.00292398 0.00233918 0.00409357 0.00000000 0.00000000 0.00000000 0.00058480 0.00000000 0.00292398 0.00000000 0.00000000 0.00000000 0.00233918 0.00000000 0.00584795 0.00000000 0.00000000 0.10175439
0.00000000 0.00000000 0.00000000 0.00000000 0.00401606 0.13253012 0.47791165 0.13253012 0.03212851 0.05823293 0.04819277 0.03012048 0.02409639 0.00401606 0.00401606 0.00000000 0.00602410 0.00602410 0.00000000 0.00000000 0.00000000 0.00000000 0.00000000 0.00200803 0.00000000 0.00000000 0.00200803 0.00000000 0.01004016 0.00000000 0.00000000 0.02610442
0.00000000 0.11300175 0.12347295 0.29210297 0.42146597 0.02683246 0.00436300 0.00283595 0.00414485 0.00327225 0.00065445 0.00087260 0.00283595 0.00087260 0.00000000 0.00021815 0.00021815 0.00043630 0.00000000 0.00043630 0.00021815 0.00000000 0.00000000 0.00021815 0.00000000 0.00021815 0.00000000 0.00000000 0.00021815 0.00000000 0.00000000 0.00109075
0.00000000 0.00000000 0.00000000 0.00000000 0.02564103 0.00000000 0.00000000 0.30769231 0.53846154 0.02564103 0.00000000 0.00000000 0.01282051 0.00000000 0.01282051 0.00000000 0.00000000 0.00000000 0.00000000 0.00000000 0.01282051 0.00000000 0.00000000 0.02564103 0.01282051 0.00000000 0.00000000 0.01282051 0.00000000 0.00000000 0.00000000 0.01282051
0.00000000 0.00000000 0.00000000 0.00000000 0.00000000 0.00000000 0.00000000 0.00000000 0.71428571 0.01785714 0.01785714 0.00000000 0.00000000 0.01785714 0.08928571 0.03571429 0.00000000 0.05357143 0.00000000 0.01785714 0.00000000 0.01785714 0.00000000 0.00000000 0.00000000 0.00000000 0.00000000 0.00000000 0.00000000 0.00000000 0.00000000 0.01785714
0.00000000 0.00000000 0.00000000 0.00000000 0.00000000 0.00000000 0.00000000 0.00000000 0.00000000 0.18181818 0.00000000 0.00000000 0.00000000 0.00000000 0.09090909 0.09090909 0.09090909 0.00000000 0.00000000 0.09090909 0.00000000 0.09090909 0.00000000 0.09090909 0.09090909 0.09090909 0.00000000 0.00000000 0.09090909 0.00000000 0.00000000 0.00000000
0.00000000 0.00000000 0.00000000 0.00000000 0.00000000 0.00000000 0.00000000 0.00000000 0.00000000 0.00000000 0.00000000 0.00000000 0.00000000 0.00000000 0.00000000 0.05000000 0.95000000 0.00000000 0.00000000 0.00000000 0.00000000 0.00000000 0.00000000 0.00000000 0.00000000 0.00000000 0.00000000 0.00000000 0.00000000 0.00000000 0.00000000 0.00000000
0.00000000 0.00000000 0.00000000 0.00000000 0.00000000 0.00000000 0.00000000 0.00000000 0.00000000 0.00000000 0.00000000 0.00000000 0.00000000 0.00000000 0.00000000 0.00000000 0.00000000 0.00000000 0.00000000 0.00000000 0.00000000 0.00000000 0.00000000 0.00000000 0.00000000 0.00000000 0.00000000 0.00000000 0.00000000 0.00000000 0.00000000 0.00000000
0.00000000 0.00000000 0.00000000 0.00000000 0.00000000 0.00000000 0.00000000 0.00000000 0.00000000 0.00000000 0.00000000 0.00000000 0.00000000 0.00000000 0.00000000 0.00000000 0.00000000 0.00000000 0.00000000 0.00000000 0.00000000 0.00000000 0.00000000 0.00000000 0.00000000 0.00000000 0.00000000 0.00000000 1.00000000 0.00000000 0.00000000 0.00000000
0.00000000 0.00000000 0.00000000 0.00000000 0.00000000 0.00000000 0.00000000 0.00000000 0.00000000 0.00000000 0.00000000 0.50000000 0.00000000 0.00000000 0.50000000 0.00000000 0.00000000 0.00000000 0.00000000 0.00000000 0.00000000 0.00000000 0.00000000 0.00000000 0.00000000 0.00000000 0.00000000 0.00000000 0.00000000 0.00000000 0.00000000 0.00000000
0.00000000 0.00000000 0.00000000 0.00000000 0.00000000 0.00000000 0.00000000 0.00000000 0.00000000 0.00000000 0.00000000 0.00000000 0.00000000 0.00000000 0.00000000 0.00000000 0.00000000 0.00000000 0.00000000 0.00000000 0.00000000 0.00000000 0.00000000 0.00000000 0.00000000 0.00000000 0.00000000 0.00000000 0.00000000 0.00000000 0.00000000 0.00000000
0.00000000 0.00000000 0.00000000 0.00000000 0.00000000 0.00000000 0.00000000 0.00000000 0.00000000 0.00000000 0.00000000 0.00000000 0.00000000 0.00000000 0.00000000 0.00000000 0.00000000 0.00000000 0.00000000 0.00000000 0.00000000 0.00000000 0.00000000 0.00000000 0.00000000 0.00000000 0.00000000 0.00000000 0.00000000 0.00000000 0.00000000 0.00000000
0.00000000 0.00000000 0.00000000 0.00000000 0.00000000 0.00000000 0.00000000 0.00000000 0.00000000 0.00000000 0.00000000 0.00000000 0.00000000 0.00000000 0.00000000 0.00000000 0.00000000 0.00000000 0.00000000 0.00000000 0.00000000 0.00000000 0.00000000 0.00000000 0.00000000 0.00000000 0.00000000 0.00000000 0.00000000 0.00000000 0.00000000 0.00000000
0.00000000 0.00000000 0.00000000 0.00000000 0.00000000 0.00000000 0.00000000 0.00000000 0.00000000 0.00000000 0.00000000 0.00000000 0.00000000 0.00000000 0.00000000 0.00000000 0.00000000 0.00000000 0.00000000 0.00000000 0.00000000 0.00000000 0.00000000 0.00000000 0.00000000 0.00000000 0.00000000 0.00000000 0.00000000 0.00000000 0.00000000 0.00000000
0.00000000 0.00000000 0.00000000 0.00000000 0.00000000 0.00000000 0.00000000 0.00000000 0.00000000 0.00000000 0.00000000 0.00000000 0.00000000 0.00000000 0.00000000 0.00000000 0.00000000 0.00000000 0.00000000 0.00000000 0.00000000 0.00000000 0.00000000 0.00000000 0.00000000 0.00000000 0.00000000 0.00000000 0.00000000 0.00000000 0.00000000 0.00000000
0.00000000 0.00000000 0.00000000 0.00000000 0.00000000 0.00000000 0.00000000 0.00000000 0.00000000 0.00000000 0.00000000 0.00000000 0.00000000 0.00000000 0.00000000 0.00000000 0.00000000 0.00000000 0.00000000 0.00000000 0.00000000 0.00000000 0.00000000 0.00000000 0.00000000 0.00000000 0.00000000 0.00000000 0.00000000 0.00000000 0.00000000 0.00000000
0.00000000 0.00000000 0.00000000 0.00000000 0.00000000 0.00000000 0.00000000 0.00000000 0.00000000 0.00000000 0.00000000 0.00000000 0.00000000 0.00000000 0.00000000 0.00000000 0.00000000 0.00000000 0.00000000 0.00000000 0.00000000 0.00000000 0.00000000 0.00000000 0.00000000 0.00000000 0.00000000 0.00000000 0.00000000 0.00000000 0.00000000 0.00000000
0.00000000 0.00000000 0.00000000 0.00000000 0.00000000 0.00000000 0.00000000 0.00000000 0.00000000 0.00000000 0.00000000 0.00000000 0.00000000 0.00000000 0.00000000 0.00000000 0.00000000 0.00000000 0.00000000 0.00000000 0.00000000 0.00000000 0.00000000 0.00000000 0.00000000 0.00000000 0.00000000 0.00000000 0.00000000 0.00000000 0.00000000 0.00000000
