32
0.00480884 0.00258203 0.01548729 0.05209988 0.41510271 0.32484391 0.06375332 0.06740166 0.02482948 0.01266139 0.00703246 0.00178717 0.00168827 0.00134265 0.00127958 0.00030123 0.00236237 0.00047513 0.00002842 0.00000269 0.00000034 0.00000067 0.00000000 0.00000067 0.00000000 0.00000000 0.00000000 0.00000000 0.00000000 0.00000000 0.00000000 0.00000000
0
0.15111502 0.34096244 0.22300469 0.12074531 0.09639085 0.05560446 0.01188380 0.00029343 0.00000000 0.00000000 0.00000000 0.00000000 0.00000000 0.00000000 0.00000000 0.00000000 0.00000000 0.00000000 0.00000000 0.00000000 0.00000000 0.00000000 0.00000000 0.00000000 0.00000000 0.00000000 0.00000000 0.00000000 0.00000000 0.00000000 0.00000000 0.00000000
0.08316899 0.22713363 0.35185311 0.16144169 0.10601836 0.06310779 0.00720843 0.00006800 0.00000000 0.00000000 0.00000000 0.00000000 0.00000000 0.00000000 0.00000000 0.00000000 0.00000000 0.00000000 0.00000000 0.00000000 0.00000000 0.00000000 0.00000000 0.00000000 0.00000000 0.00000000 0.00000000 0.00000000 0.00000000 0.00000000 0.00000000 0.00000000
0.20239472 0.29675488 0.19021702 0.11415743 0.10456494 0.07728417 0.01435472 0.00027213 0.00000000 0.00000000 0.00000000 0.00000000 0.00000000 0.00000000 0.00000000 0.00000000 0.00000000 0.00000000 0.00000000 0.00000000 0.00000000 0.00000000 0.00000000 0.00000000 0.00000000 0.00000000 0.00000000 0.00000000 0.00000000 0.00000000 0.00000000 0.00000000
0.06206033 0.21065819 0.19697408 0.14946516 0.16305291 0.18454274 0.03266840 0.00057820 0.00000000 0.00000000 0.00000000 0.00000000 0.00000000 0.00000000 0.00000000 0.00000000 0.00000000 0.00000000 0.00000000 0.00000000 0.00000000 0.00000000 0.00000000 0.00000000 0.00000000 0.00000000 0.00000000 0.00000000 0.00000000 0.00000000 0.00000000 0.00000000
0.03571171 0.10195118 0.11527108 0.13701490 0.28454172 0.24465404 0.07977536 0.00107999 0.00000000 0.00000000 0.00000000 0.00000000 0.00000000 0.00000000 0.00000000 0.00000000 0.00000000 0.00000000 0.00000000 0.00000000 0.00000000 0.00000000 0.00000000 0.00000000 0.00000000 0.00000000 0.00000000 0.00000000 0.00000000 0.00000000 0.00000000 0.00000000
0.01055021 0.02620192 0.03709936 0.04423077 0.08875534 0.67406517 0.11746795 0.00162927 0.00000000 0.00000000 0.00000000 0.00000000 0.00000000 0.00000000 0.00000000 0.00000000 0.00000000 0.00000000 0.00000000 0.00000000 0.00000000 0.00000000 0.00000000 0.00000000 0.00000000 0.00000000 0.00000000 0.00000000 0.00000000 0.00000000 0.00000000 0.00000000
0.00146775 0.00267649 0.00495007 0.01116643 0.03338418 0.12628428 0.80340749 0.01666331 0.00000000 0.00000000 0.00000000 0.00000000 0.00000000 0.00000000 0.00000000 0.00000000 0.00000000 0.00000000 0.00000000 0.00000000 0.00000000 0.00000000 0.00000000 0.00000000 0.00000000 0.00000000 0.00000000 0.00000000 0.00000000 0.00000000 0.00000000 0.00000000
0.00047893 0.00143678 0.00143678 0.00239464 0.00431034 0.02825670 0.28160920 0.68007663 0.00000000 0.00000000 0.00000000 0.00000000 0.00000000 0.00000000 0.00000000 0.00000000 0.00000000 0.00000000 0.00000000 0.00000000 0.00000000 0.00000000 0.00000000 0.00000000 0.00000000 0.00000000 0.00000000 0.00000000 0.00000000 0.00000000 0.00000000 0.00000000
0.00000000 0.00000000 0.00000000 0.00000000 0.00000000 0.00000000 0.00000000 0.00000000 0.00000000 0.00000000 0.00000000 0.00000000 0.00000000 0.00000000 0.00000000 0.00000000 0.00000000 0.00000000 0.00000000 0.00000000 0.00000000 0.00000000 0.00000000 0.00000000 0.00000000 0.00000000 0.00000000 0.00000000 0.00000000 0.00000000 0.00000000 0.00000000
0.00000000 0.00000000 0.00000000 0.00000000 0.00000000 0.00000000 0.00000000 0.00000000 0.00000000 0.00000000 0.00000000 0.00000000 0.00000000 0.00000000 0.00000000 0.00000000 0.00000000 0.00000000 0.00000000 0.00000000 0.00000000 0.00000000 0.00000000 0.00000000 0.00000000 0.00000000 0.00000000 0.00000000 0.00000000 0.00000000 0.00000000 0.00000000
0.00000000 0.00000000 0.00000000 0.00000000 0.00000000 0.00000000 0.00000000 0.00000000 0.00000000 0.00000000 0.00000000 0.00000000 0.00000000 0.00000000 0.00000000 0.00000000 0.00000000 0.00000000 0.00000000 0.00000000 0.00000000 0.00000000 0.00000000 0.00000000 0.00000000 0.00000000 0.00000000 0.00000000 0.00000000 0.00000000 0.00000000 0.00000000
0.00000000 0.00000000 0.00000000 0.00000000 0.00000000 0.00000000 0.00000000 0.00000000 0.00000000 0.00000000 0.00000000 0.00000000 0.00000000 0.00000000 0.00000000 0.00000000 0.00000000 0.00000000 0.00000000 0.00000000 0.00000000 0.00000000 0.00000000 0.00000000 0.00000000 0.00000000 0.00000000 0.00000000 0.00000000 0.00000000 0.00000000 0.00000000
0.00000000 0.00000000 0.00000000 0.00000000 0.00000000 0.00000000 0.00000000 0.00000000 0.00000000 0.00000000 0.00000000 0.00000000 0.00000000 0.00000000 0.00000000 0.00000000 0.00000000 0.00000000 0.00000000 0.00000000 0.00000000 0.00000000 0.00000000 0.00000000 0.00000000 0.00000000 0.00000000 0.00000000 0.00000000 0.00000000 0.00000000 0.00000000
0.00000000 0.00000000 0.00000000 0.00000000 0.00000000 0.00000000 0.00000000 0.00000000 0.00000000 0.00000000 0.00000000 0.00000000 0.00000000 0.00000000 0.00000000 0.00000000 0.00000000 0.00000000 0.00000000 0.00000000 0.00000000 0.00000000 0.00000000 0.00000000 0.00000000 0.00000000 0.00000000 0.00000000 0.00000000 0.00000000 0.00000000 0.00000000
0.00000000 0.00000000 0.00000000 0.00000000 0.00000000 0.00000000 0.00000000 0.00000000 0.00000000 0.00000000 0.00000000 0.00000000 0.00000000 0.00000000 0.00000000 0.00000000 0.00000000 0.00000000 0.00000000 0.00000000 0.00000000 0.00000000 0.00000000 0.00000000 0.00000000 0.00000000 0.00000000 0.00000000 0.00000000 0.00000000 0.00000000 0.00000000
0.00000000 0.00000000 0.00000000 0.00000000 0.00000000 0.00000000 0.00000000 0.00000000 0.00000000 0.00000000 0.00000000 0.00000000 0.00000000 0.00000000 0.00000000 0.00000000 0.00000000 0.00000000 0.00000000 0.00000000 0.00000000 0.00000000 0.00000000 0.00000000 0.00000000 0.00000000 0.00000000 0.00000000 0.00000000 0.00000000 0.00000000 0.00000000
0.00000000 0.00000000 0.00000000 0.00000000 0.00000000 0.00000000 0.00000000 0.00000000 0.00000000 0.00000000 0.00000000 0.00000000 0.00000000 0.00000000 0.00000000 0.00000000 0.00000000 0.00000000 0.00000000 0.00000000 0.00000000 0.00000000 0.00000000 0.00000000 0.00000000 0.00000000 0.00000000 0.00000000 0.00000000 0.00000000 0.00000000 0.00000000
0.00000000 0.00000000 0.00000000 0.00000000 0.00000000 0.00000000 0.00000000 0.00000000 0.00000000 0.00000000 0.00000000 0.00000000 0.00000000 0.00000000 0.00000000 0.00000000 0.00000000 0.00000000 0.00000000 0.00000000 0.00000000 0.00000000 0.00000000 0.00000000 0.00000000 0.00000000 0.00000000 0.00000000 0.00000000 0.00000000 0.00000000 0.00000000
0.00000000 0.00000000 0.00000000 0.00000000 0.00000000 0.00000000 0.00000000 0.00000000 0.00000000 0.00000000 0.00000000 0.00000000 0.00000000 0.00000000 0.00000000 0.00000000 0.00000000 0.00000000 0.00000000 0.00000000 0.00000000 0.00000000 0.00000000 0.00000000 0.00000000 0.00000000 0.00000000 0.00000000 0.00000000 0.00000000 0.00000000 0.00000000
0.00000000 0.00000000 0.00000000 0.00000000 0.00000000 0.00000000 0.00000000 0.00000000 0.00000000 0.00000000 0.00000000 0.00000000 0.00000000 0.00000000 0.00000000 0.00000000 0.00000000 0.00000000 0.00000000 0.00000000 0.00000000 0.00000000 0.00000000 0.00000000 0.00000000 0.00000000 0.00000000 0.00000000 0.00000000 0.00000000 0.00000000 0.00000000
0.00000000 0.00000000 0.00000000 0.00000000 0.00000000 0.00000000 0.00000000 0.00000000 0.00000000 0.00000000 0.00000000 0.00000000 0.00000000 0.00000000 0.00000000 0.00000000 0.00000000 0.00000000 0.00000000 0.00000000 0.00000000 0.00000000 0.00000000 0.00000000 0.00000000 0.00000000 0.00000000 0.00000000 0.00000000 0.00000000 0.00000000 0.00000000
0.00000000 0.00000000 0.00000000 0.00000000 0.00000000 0.00000000 0.00000000 0.00000000 0.00000000 0.00000000 0.00000000 0.00000000 0.00000000 0.00000000 0.00000000 0.00000000 0.00000000 0.00000000 0.00000000 0.00000000 0.00000000 0.00000000 0.00000000 0.00000000 0.00000000 0.00000000 0.00000000 0.00000000 0.00000000 0.00000000 0.00000000 0.00000000
0.00000000 0.00000000 0.00000000 0.00000000 0.00000000 0.00000000 0.00000000 0.00000000 0.00000000 0.00000000 0.00000000 0.00000000 0.00000000 0.00000000 0.00000000 0.00000000 0.00000000 0.00000000 0.00000000 0.00000000 0.00000000 0.00000000 0.00000000 0.00000000 0.00000000 0.00000000 0.00000000 0.00000000 0.00000000 0.00000000 0.00000000 0.00000000
0.00000000 0.00000000 0.00000000 0.00000000 0.00000000 0.00000000 0.00000000 0.00000000 0.00000000 0.00000000 0.00000000 0.00000000 0.00000000 0.00000000 0.00000000 0.00000000 0.00000000 0.00000000 0.00000000 0.00000000 0.00000000 0.00000000 0.00000000 0.00000000 0.00000000 0.00000000 0.00000000 0.00000000 0.00000000 0.00000000 0.00000000 0.00000000
0.00000000 0.00000000 0.00000000 0.00000000 0.00000000 0.00000000 0.00000000 0.00000000 0.00000000 0.00000000 0.00000000 0.00000000 0.00000000 0.00000000 0.00000000 0.00000000 0.00000000 0.00000000 0.00000000 0.00000000 0.00000000 0.00000000 0.00000000 0.00000000 0.00000000 0.00000000 0.00000000 0.00000000 0.00000000 0.00000000 0.00000000 0.00000000
0.00000000 0.00000000 0.00000000 0.00000000 0.00000000 0.00000000 0.00000000 0.00000000 0.00000000 0.00000000 0.00000000 0.00000000 0.00000000 0.00000000 0.00000000 0.00000000 0.00000000 0.00000000 0.00000000 0.00000000 0.00000000 0.00000000 0.00000000 0.00000000 0.00000000 0.00000000 0.00000000 0.00000000 0.00000000 0.00000000 0.00000000 0.00000000
0.00000000 0.00000000 0.00000000 0.00000000 0.00000000 0.00000000 0.00000000 0.00000000 0.00000000 0.00000000 0.00000000 0.00000000 0.00000000 0.00000000 0.00000000 0.00000000 0.00000000 0.00000000 0.00000000 0.00000000 0.00000000 0.00000000 0.00000000 0.00000000 0.00000000 0.00000000 0.00000000 0.00000000 0.00000000 0.00000000 0.00000000 0.00000000
0.00000000 0.00000000 0.00000000 0.00000000 0.00000000 0.00000000 0.00000000 0.00000000 0.00000000 0.00000000 0.00000000 0.00000000 0.00000000 0.00000000 0.00000000 0.00000000 0.00000000 0.00000000 0.00000000 0.00000000 0.00000000 0.00000000 0.00000000 0.00000000 0.00000000 0.00000000 0.00000000 0.00000000 0.00000000 0.00000000 0.00000000 0.00000000
0.00000000 0.00000000 0.00000000 0.00000000 0.00000000 0.00000000 0.00000000 0.00000000 0.00000000 0.00000000 0.00000000 0.00000000 0.00000000 0.00000000 0.00000000 0.00000000 0.00000000 0.00000000 0.00000000 0.00000000 0.00000000 0.00000000 0.00000000 0.00000000 0.00000000 0.00000000 0.00000000 0.00000000 0.00000000 0.00000000 0.00000000 0.00000000
0.00000000 0.00000000 0.00000000 0.00000000 0.00000000 0.00000000 0.00000000 0.00000000 0.00000000 0.00000000 0.00000000 0.00000000 0.00000000 0.00000000 0.00000000 0.00000000 0.00000000 0.00000000 0.00000000 0.00000000 0.00000000 0.00000000 0.00000000 0.00000000 0.00000000 0.00000000 0.00000000 0.00000000 0.00000000 0.00000000 0.00000000 0.00000000
0.00000000 0.00000000 0.00000000 0.00000000 0.00000000 0.00000000 0.00000000 0.00000000 0.00000000 0.00000000 0.00000000 0.00000000 0.00000000 0.00000000 0.00000000 0.00000000 0.00000000 0.00000000 0.00000000 0.00000000 0.00000000 0.00000000 0.00000000 0.00000000 0.00000000 0.00000000 0.00000000 0.00000000 0.00000000 0.00000000 0.00000000 0.00000000
0.00000000 0.00000000 0.00000000 0.00000000 0.00000000 0.00000000 0.00000000 0.00000000 0.00000000 0.00000000 0.00000000 0.00000000 0.00000000 0.00000000 0.00000000 0.00000000 0.00000000 0.00000000 0.00000000 0.00000000 0.00000000 0.00000000 0.00000000 0.00000000 0.00000000 0.00000000 0.00000000 0.00000000 0.00000000 0.00000000 0.00000000 0.00000000
0.00010492 0.00608562 0.00723979 0.01489927 0.03780778 0.06183548 0.17197118 0.16189843 0.16364717 0.16822888 0.07662983 0.02951875 0.02752518 0.00234331 0.00290291 0.00300783 0.00234331 0.00122412 0.00188864 0.00013990 0.00027980 0.00010492 0.00024482 0.00017487 0.00010492 0.00024482 0.00034975 0.00073447 0.05567991 0.00000000 0.00000000 0.00083940
0.00026055 0.30184992 0.05908025 0.25241011 0.29090672 0.04813705 0.00631839 0.00052110 0.00143304 0.00260552 0.00097707 0.00247525 0.00143304 0.00149818 0.00117249 0.00143304 0.00019541 0.00097707 0.00019541 0.00026055 0.00000000 0.00000000 0.00000000 0.00006514 0.00006514 0.00006514 0.00006514 0.00000000 0.01439552 0.00000000 0.00000000 0.01120375
0.00002172 0.02267520 0.01246701 0.05108435 0.06970885 0.10377594 0.18676629 0.30812419 0.12629910 0.03045079 0.00319277 0.00268236 0.00716745 0.00685251 0.00936112 0.01017560 0.00161811 0.00062987 0.00022806 0.00036923 0.00053213 0.00032579 0.00027149 0.00115114 0.00016290 0.00032579 0.00015204 0.00028235 0.01815753 0.00000000 0.00000000 0.02498833
0.00080059 0.01907215 0.01146653 0.02332368 0.06550968 0.07960397 0.20506116 0.25111453 0.13019618 0.04485249 0.01448167 0.01152141 0.02712649 0.01187006 0.01207021 0.00273751 0.00113310 0.00132679 0.00112987 0.00149465 0.00113632 0.00215643 0.00108790 0.00131065 0.00036156 0.00061658 0.00055202 0.00065532 0.02141259 0.00000000 0.00000000 0.05481791
0.00364899 0.16144723 0.36733099 0.06427501 0.04201684 0.03523789 0.07648287 0.05826832 0.03935161 0.02581559 0.01790297 0.01207172 0.02172821 0.01334194 0.01291327 0.00726354 0.00195010 0.00189135 0.00120215 0.00145903 0.00085856 0.00108627 0.00108708 0.00099592 0.00016977 0.00007901 0.00005267 0.00025283 0.00993606 0.00000000 0.00000000 0.01988224
0.00005333 0.01694548 0.02167204 0.22469011 0.08734517 0.08791781 0.14020448 0.09115531 0.04619740 0.03092529 0.02533202 0.02085606 0.02026945 0.01827559 0.01350192 0.00926982 0.00718328 0.00299778 0.00335658 0.00500407 0.00419068 0.00291494 0.00288284 0.00234127 0.00059231 0.00048720 0.00039453 0.00071657 0.02948646 0.00000000 0.00000000 0.08284022
0.00054609 0.01806579 0.01906563 0.04644660 0.05420528 0.09205691 0.08789397 0.10019812 0.06730087 0.07796939 0.06127278 0.03348028 0.03795715 0.03747174 0.03089229 0.02525728 0.01756191 0.00573525 0.00365378 0.00290720 0.00262756 0.00540285 0.00699100 0.00439509 0.00230835 0.00085475 0.00062259 0.00091015 0.04477139 0.00000000 0.00000000 0.11117794
0.00000998 0.02449152 0.04901547 0.05826311 0.10655494 0.08766042 0.11552560 0.14306889 0.07823811 0.07373157 0.04511280 0.01794381 0.02482838 0.01921393 0.03261876 0.00692200 0.00516780 0.00409731 0.00403492 0.00251278 0.00240548 0.00313412 0.00391016 0.00239051 0.00120773 0.00045914 0.00028197 0.00041921 0.00997128 0.00000000 0.00000000 0.07680829
0.00001355 0.01505124 0.01570830 0.03861707 0.07300734 0.04566176 0.04999695 0.04629849 0.19935108 0.13002188 0.06661293 0.04037147 0.05413571 0.03381449 0.02064635 0.02042282 0.00684825 0.00465356 0.00395586 0.00550027 0.00571026 0.00684825 0.00854846 0.00419294 0.00211341 0.00219469 0.00048771 0.00043352 0.03751973 0.00000000 0.00000000 0.06126168
0.00003985 0.02232967 0.03797771 0.15450114 0.09783345 0.12089372 0.16726664 0.11241880 0.06034723 0.03016697 0.01810550 0.02170534 0.02570370 0.02027072 0.01613953 0.01012208 0.00434373 0.00352014 0.00143462 0.00318806 0.00225821 0.00340059 0.00763805 0.00430387 0.00166045 0.00176671 0.00075716 0.00092985 0.01811878 0.00000000 0.00000000 0.03085772
0.00004783 0.03587401 0.01992203 0.09332026 0.06770622 0.04618181 0.08872839 0.15043168 0.10303016 0.07952072 0.02989501 0.06031617 0.03601751 0.03927008 0.03259752 0.01033172 0.00248726 0.00416139 0.00516586 0.01064262 0.00774879 0.00179370 0.00157846 0.00172195 0.00047832 0.00066965 0.00105230 0.00200894 0.03704589 0.00000000 0.00000000 0.03025375
0.00000000 0.00235272 0.00865801 0.03933747 0.02380952 0.03839639 0.17861848 0.26265763 0.13099944 0.04601920 0.02079804 0.09439112 0.01214003 0.01562206 0.00931677 0.00583474 0.00367024 0.00169396 0.00282326 0.00743459 0.00545831 0.00461133 0.00329381 0.00461133 0.00112931 0.00094109 0.00122341 0.00244683 0.02992660 0.00000000 0.00000000 0.04178430
0.00000000 0.01803148 0.01215382 0.08816497 0.13030484 0.08766687 0.16586970 0.18858338 0.11167563 0.08188882 0.02341104 0.01135684 0.00358637 0.00856744 0.00577804 0.00418410 0.00239091 0.00089659 0.00079697 0.00129508 0.00229129 0.00278940 0.02022315 0.00139470 0.00059773 0.00059773 0.00009962 0.00029886 0.01016139 0.00000000 0.00000000 0.01494322
0.00000000 0.00025053 0.00876863 0.02505324 0.07666291 0.17299261 0.08280095 0.11098584 0.18965301 0.04146311 0.04133784 0.01716147 0.01515721 0.00588751 0.00876863 0.00726544 0.03732932 0.00638858 0.00751597 0.01666040 0.00876863 0.01578354 0.00651384 0.00952023 0.00588751 0.00751597 0.00538645 0.00012527 0.01202555 0.00000000 0.00000000 0.05636979
0.00000000 0.00000000 0.00013144 0.00210305 0.30967403 0.13801262 0.14103575 0.01419558 0.06545741 0.02247634 0.00591483 0.00525762 0.00552050 0.00683491 0.00144585 0.00276025 0.00065720 0.00065720 0.00013144 0.00078864 0.00039432 0.00052576 0.00052576 0.00197161 0.00026288 0.00000000 0.00000000 0.00000000 0.00696635 0.00000000 0.00000000 0.26629863
0.00000000 0.00000000 0.00000000 0.01675042 0.27526521 0.26409827 0.12339475 0.05639308 0.04634283 0.06756002 0.03517588 0.00390843 0.01228364 0.00502513 0.00335008 0.00725851 0.00335008 0.00055835 0.00223339 0.00446678 0.00279174 0.00390843 0.00111669 0.00446678 0.00167504 0.00167504 0.00111669 0.00000000 0.03350084 0.00000000 0.00000000 0.02233389
0.00000000 0.08778300 0.32130144 0.35540367 0.17577958 0.00291898 0.00405809 0.00484124 0.01466610 0.00391571 0.00213584 0.00028478 0.00056956 0.00078314 0.00042717 0.00007119 0.00028478 0.00007119 0.00000000 0.00007119 0.00121031 0.01053681 0.00996725 0.00007119 0.00049836 0.00000000 0.00000000 0.00000000 0.00056956 0.00000000 0.00000000 0.00177987
0.00000000 0.00000000 0.00000000 0.00035398 0.01345133 0.54796460 0.26973451 0.09026549 0.03610619 0.02159292 0.00424779 0.00283186 0.00000000 0.00070796 0.00000000 0.00035398 0.00106195 0.00035398 0.00000000 0.00000000 0.00212389 0.00318584 0.00176991 0.00106195 0.00035398 0.00000000 0.00035398 0.00000000 0.00106195 0.00000000 0.00000000 0.00106195
0.00000000 0.00000000 0.00000000 0.00000000 0.00000000 0.01183432 0.03550296 0.00591716 0.01183432 0.03550296 0.07100592 0.05325444 0.00591716 0.08875740 0.05325444 0.02366864 0.15976331 0.04142012 0.01183432 0.01183432 0.04142012 0.14201183 0.12426036 0.00000000 0.01775148 0.00000000 0.00000000 0.00000000 0.04733728 0.00000000 0.00000000 0.00591716
0.00000000 0.00000000 0.00000000 0.00000000 0.00000000 0.00000000 0.00000000 0.00000000 0.06250000 0.00000000 0.06250000 0.18750000 0.00000000 0.00000000 0.00000000 0.00000000 0.06250000 0.00000000 0.00000000 0.00000000 0.06250000 0.12500000 0.06250000 0.06250000 0.00000000 0.00000000 0.00000000 0.00000000 0.18750000 0.00000000 0.00000000 0.12500000
0.00000000 0.00000000 0.00000000 0.00000000 0.00000000 0.00000000 0.00000000 0.00000000 0.00000000 0.00000000 0.00000000 0.00000000 0.00000000 0.00000000 0.00000000 0.00000000 0.50000000 0.00000000 0.00000000 0.00000000 0.00000000 0.00000000 0.00000000 0.00000000 0.00000000 0.00000000 0.00000000 0.00000000 0.50000000 0.00000000 0.00000000 0.00000000
0.00000000 0.00000000 0.00000000 0.00000000 0.00000000 0.00000000 0.00000000 0.00000000 0.00000000 0.00000000 0.00000000 0.00000000 0.00000000 0.00000000 0.00000000 0.00000000 0.25000000 0.00000000 0.50000000 0.00000000 0.00000000 0.00000000 0.00000000 0.00000000 0.00000000 0.00000000 0.00000000 0.00000000 0.00000000 0.00000000 0.00000000 0.25000000
0.00000000 0.00000000 0.00000000 0.00000000 0.00000000 0.00000000 0.00000000 0.00000000 0.00000000 0.00000000 0.00000000 0.00000000 0.00000000 0.00000000 0.00000000 0.00000000 0.00000000 0.00000000 0.00000000 0.00000000 0.00000000 0.00000000 0.00000000 0.00000000 0.00000000 0.00000000 0.00000000 0.00000000 0.00000000 0.00000000 0.00000000 0.00000000
0.00000000 0.00000000 0.00000000 0.00000000 0.00000000 0.00000000 0.00000000 0.00000000 0.00000000 0.00000000 0.00000000 0.00000000 0.00000000 0.00000000 0.00000000 0.00000000 0.00000000 0.00000000 0.00000000 0.00000000 0.50000000 0.25000000 0.00000000 0.00000000 0.25000000 0.00000000 0.00000000 0.00000000 0.00000000 0.00000000 0.00000000 0.00000000
0.00000000 0.00000000 0.00000000 0.00000000 0.00000000 0.00000000 0.00000000 0.00000000 0.00000000 0.00000000 0.00000000 0.00000000 0.00000000 0.00000000 0.00000000 0.00000000 0.00000000 0.00000000 0.00000000 0.00000000 0.00000000 0.00000000 0.00000000 0.00000000 0.00000000 0.00000000 0.00000000 0.00000000 0.00000000 0.00000000 0.00000000 0.00000000
0.00000000 0.00000000 0.00000000 0.00000000 0.00000000 0.00000000 0.00000000 0.00000000 0.00000000 0.00000000 0.00000000 0.00000000 0.00000000 0.00000000 0.00000000 0.00000000 0.00000000 0.00000000 0.00000000 0.00000000 0.00000000 0.00000000 0.00000000 0.00000000 0.00000000 0.00000000 0.00000000 0.00000000 0.00000000 0.00000000 0.00000000 0.00000000
0.00000000 0.00000000 0.00000000 0.00000000 0.00000000 0.00000000 0.00000000 0.00000000 0.00000000 0.00000000 0.00000000 0.00000000 0.00000000 0.00000000 0.00000000 0.00000000 0.00000000 0.00000000 0.00000000 0.00000000 0.00000000 0.00000000 0.00000000 0.00000000 0.00000000 0.00000000 0.00000000 0.00000000 0.00000000 0.00000000 0.00000000 0.00000000
0.00000000 0.00000000 0.00000000 0.00000000 0.00000000 0.00000000 0.00000000 0.00000000 0.00000000 0.00000000 0.00000000 0.00000000 0.00000000 0.00000000 0.00000000 0.00000000 0.00000000 0.00000000 0.00000000 0.00000000 0.00000000 0.00000000 0.00000000 0.00000000 0.00000000 0.00000000 0.00000000 0.00000000 0.00000000 0.00000000 0.00000000 0.00000000
0.00000000 0.00000000 0.00000000 0.00000000 0.00000000 0.00000000 0.00000000 0.00000000 0.00000000 0.00000000 0.00000000 0.00000000 0.00000000 0.00000000 0.00000000 0.00000000 0.00000000 0.00000000 0.00000000 0.00000000 0.00000000 0.00000000 0.00000000 0.00000000 0.00000000 0.00000000 0.00000000 0.00000000 0.00000000 0.00000000 0.00000000 0.00000000
0.00000000 0.00000000 0.00000000 0.00000000 0.00000000 0.00000000 0.00000000 0.00000000 0.00000000 0.00000000 0.00000000 0.00000000 0.00000000 0.00000000 0.00000000 0.00000000 0.00000000 0.00000000 0.00000000 0.00000000 0.00000000 0.00000000 0.00000000 0.00000000 0.00000000 0.00000000 0.00000000 0.00000000 0.00000000 0.00000000 0.00000000 0.00000000
0.00000000 0.00000000 0.00000000 0.00000000 0.00000000 0.00000000 0.00000000 0.00000000 0.00000000 0.00000000 0.00000000 0.00000000 0.00000000 0.00000000 0.00000000 0.00000000 0.00000000 0.00000000 0.00000000 0.00000000 0.00000000 0.00000000 0.00000000 0.00000000 0.00000000 0.00000000 0.00000000 0.00000000 0.00000000 0.00000000 0.00000000 0.00000000
0.00000000 0.00000000 0.00000000 0.00000000 0.00000000 0.00000000 0.00000000 0.00000000 0.00000000 0.00000000 0.00000000 0.00000000 0.00000000 0.00000000 0.00000000 0.00000000 0.00000000 0.00000000 0.00000000 0.00000000 0.00000000 0.00000000 0.00000000 0.00000000 0.00000000 0.00000000 0.00000000 0.00000000 0.00000000 0.00000000 0.00000000 0.00000000
