32
0.00001802 0.00031683 0.03017239 0.04223014 0.16382166 0.42333497 0.10688648 0.14769411 0.01997762 0.03051475 0.00558540 0.01654599 0.00206568 0.00065820 0.00044697 0.00138997 0.00822720 0.00000450 0.00007308 0.00000701 0.00000250 0.00001602 0.00001051 0.00000000 0.00000000 0.00000000 0.00000000 0.00000000 0.00000000 0.00000000 0.00000000 0.00000000
1
0.22873791 0.27188197 0.10711629 0.16191421 0.17765931 0.04748326 0.00520704 0.00000000 0.00000000 0.00000000 0.00000000 0.00000000 0.00000000 0.00000000 0.00000000 0.00000000 0.00000000 0.00000000 0.00000000 0.00000000 0.00000000 0.00000000 0.00000000 0.00000000 0.00000000 0.00000000 0.00000000 0.00000000 0.00000000 0.00000000 0.00000000 0.00000000
0.10144928 0.37806457 0.12855532 0.17395481 0.18569102 0.02952846 0.00275655 0.00000000 0.00000000 0.00000000 0.00000000 0.00000000 0.00000000 0.00000000 0.00000000 0.00000000 0.00000000 0.00000000 0.00000000 0.00000000 0.00000000 0.00000000 0.00000000 0.00000000 0.00000000 0.00000000 0.00000000 0.00000000 0.00000000 0.00000000 0.00000000 0.00000000
0.09080569 0.33497630 0.15895735 0.17507109 0.17279621 0.05516588 0.01213270 0.00009479 0.00000000 0.00000000 0.00000000 0.00000000 0.00000000 0.00000000 0.00000000 0.00000000 0.00000000 0.00000000 0.00000000 0.00000000 0.00000000 0.00000000 0.00000000 0.00000000 0.00000000 0.00000000 0.00000000 0.00000000 0.00000000 0.00000000 0.00000000 0.00000000
0.07837054 0.27915290 0.15788764 0.21993660 0.18297700 0.06940042 0.01220746 0.00006744 0.00000000 0.00000000 0.00000000 0.00000000 0.00000000 0.00000000 0.00000000 0.00000000 0.00000000 0.00000000 0.00000000 0.00000000 0.00000000 0.00000000 0.00000000 0.00000000 0.00000000 0.00000000 0.00000000 0.00000000 0.00000000 0.00000000 0.00000000 0.00000000
0.07661190 0.26064227 0.12272840 0.20263879 0.18757779 0.12297735 0.02663679 0.00018671 0.00000000 0.00000000 0.00000000 0.00000000 0.00000000 0.00000000 0.00000000 0.00000000 0.00000000 0.00000000 0.00000000 0.00000000 0.00000000 0.00000000 0.00000000 0.00000000 0.00000000 0.00000000 0.00000000 0.00000000 0.00000000 0.00000000 0.00000000 0.00000000
0.03789665 0.06980961 0.04968268 0.07434270 0.19655485 0.42792384 0.14315503 0.00063463 0.00000000 0.00000000 0.00000000 0.00000000 0.00000000 0.00000000 0.00000000 0.00000000 0.00000000 0.00000000 0.00000000 0.00000000 0.00000000 0.00000000 0.00000000 0.00000000 0.00000000 0.00000000 0.00000000 0.00000000 0.00000000 0.00000000 0.00000000 0.00000000
0.00355817 0.01021040 0.01067450 0.02599010 0.07131807 0.24814356 0.57750619 0.05259901 0.00000000 0.00000000 0.00000000 0.00000000 0.00000000 0.00000000 0.00000000 0.00000000 0.00000000 0.00000000 0.00000000 0.00000000 0.00000000 0.00000000 0.00000000 0.00000000 0.00000000 0.00000000 0.00000000 0.00000000 0.00000000 0.00000000 0.00000000 0.00000000
0.00000000 0.00044326 0.00044326 0.00177305 0.00443262 0.01285461 0.13608156 0.84397163 0.00000000 0.00000000 0.00000000 0.00000000 0.00000000 0.00000000 0.00000000 0.00000000 0.00000000 0.00000000 0.00000000 0.00000000 0.00000000 0.00000000 0.00000000 0.00000000 0.00000000 0.00000000 0.00000000 0.00000000 0.00000000 0.00000000 0.00000000 0.00000000
0.00000000 0.00000000 0.00000000 0.00000000 0.00000000 0.00000000 0.00000000 0.00000000 0.00000000 0.00000000 0.00000000 0.00000000 0.00000000 0.00000000 0.00000000 0.00000000 0.00000000 0.00000000 0.00000000 0.00000000 0.00000000 0.00000000 0.00000000 0.00000000 0.00000000 0.00000000 0.00000000 0.00000000 0.00000000 0.00000000 0.00000000 0.00000000
0.00000000 0.00000000 0.00000000 0.00000000 0.00000000 0.00000000 0.00000000 0.00000000 0.00000000 0.00000000 0.00000000 0.00000000 0.00000000 0.00000000 0.00000000 0.00000000 0.00000000 0.00000000 0.00000000 0.00000000 0.00000000 0.00000000 0.00000000 0.00000000 0.00000000 0.00000000 0.00000000 0.00000000 0.00000000 0.00000000 0.00000000 0.00000000
0.00000000 0.00000000 0.00000000 0.00000000 0.00000000 0.00000000 0.00000000 0.00000000 0.00000000 0.00000000 0.00000000 0.00000000 0.00000000 0.00000000 0.00000000 0.00000000 0.00000000 0.00000000 0.00000000 0.00000000 0.00000000 0.00000000 0.00000000 0.00000000 0.00000000 0.00000000 0.00000000 0.00000000 0.00000000 0.00000000 0.00000000 0.00000000
0.00000000 0.00000000 0.00000000 0.00000000 0.00000000 0.00000000 0.00000000 0.00000000 0.00000000 0.00000000 0.00000000 0.00000000 0.00000000 0.00000000 0.00000000 0.00000000 0.00000000 0.00000000 0.00000000 0.00000000 0.00000000 0.00000000 0.00000000 0.00000000 0.00000000 0.00000000 0.00000000 0.00000000 0.00000000 0.00000000 0.00000000 0.00000000
0.00000000 0.00000000 0.00000000 0.00000000 0.00000000 0.00000000 0.00000000 0.00000000 0.00000000 0.00000000 0.00000000 0.00000000 0.00000000 0.00000000 0.00000000 0.00000000 0.00000000 0.00000000 0.00000000 0.00000000 0.00000000 0.00000000 0.00000000 0.00000000 0.00000000 0.00000000 0.00000000 0.00000000 0.00000000 0.00000000 0.00000000 0.00000000
0.00000000 0.00000000 0.00000000 0.00000000 0.00000000 0.00000000 0.00000000 0.00000000 0.00000000 0.00000000 0.00000000 0.00000000 0.00000000 0.00000000 0.00000000 0.00000000 0.00000000 0.00000000 0.00000000 0.00000000 0.00000000 0.00000000 0.00000000 0.00000000 0.00000000 0.00000000 0.00000000 0.00000000 0.00000000 0.00000000 0.00000000 0.00000000
0.00000000 0.00000000 0.00000000 0.00000000 0.00000000 0.00000000 0.00000000 0.00000000 0.00000000 0.00000000 0.00000000 0.00000000 0.00000000 0.00000000 0.00000000 0.00000000 0.00000000 0.00000000 0.00000000 0.00000000 0.00000000 0.00000000 0.00000000 0.00000000 0.00000000 0.00000000 0.00000000 0.00000000 0.00000000 0.00000000 0.00000000 0.00000000
0.00000000 0.00000000 0.00000000 0.00000000 0.00000000 0.00000000 0.00000000 0.00000000 0.00000000 0.00000000 0.00000000 0.00000000 0.00000000 0.00000000 0.00000000 0.00000000 0.00000000 0.00000000 0.00000000 0.00000000 0.00000000 0.00000000 0.00000000 0.00000000 0.00000000 0.00000000 0.00000000 0.00000000 0.00000000 0.00000000 0.00000000 0.00000000
0.00000000 0.00000000 0.00000000 0.00000000 0.00000000 0.00000000 0.00000000 0.00000000 0.00000000 0.00000000 0.00000000 0.00000000 0.00000000 0.00000000 0.00000000 0.00000000 0.00000000 0.00000000 0.00000000 0.00000000 0.00000000 0.00000000 0.00000000 0.00000000 0.00000000 0.00000000 0.00000000 0.00000000 0.00000000 0.00000000 0.00000000 0.00000000
0.00000000 0.00000000 0.00000000 0.00000000 0.00000000 0.00000000 0.00000000 0.00000000 0.00000000 0.00000000 0.00000000 0.00000000 0.00000000 0.00000000 0.00000000 0.00000000 0.00000000 0.00000000 0.00000000 0.00000000 0.00000000 0.00000000 0.00000000 0.00000000 0.00000000 0.00000000 0.00000000 0.00000000 0.00000000 0.00000000 0.00000000 0.00000000
0.00000000 0.00000000 0.00000000 0.00000000 0.00000000 0.00000000 0.00000000 0.00000000 0.00000000 0.00000000 0.00000000 0.00000000 0.00000000 0.00000000 0.00000000 0.00000000 0.00000000 0.00000000 0.00000000 0.00000000 0.00000000 0.00000000 0.00000000 0.00000000 0.00000000 0.00000000 0.00000000 0.00000000 0.00000000 0.00000000 0.00000000 0.00000000
0.00000000 0.00000000 0.00000000 0.00000000 0.00000000 0.00000000 0.00000000 0.00000000 0.00000000 0.00000000 0.00000000 0.00000000 0.00000000 0.00000000 0.00000000 0.00000000 0.00000000 0.00000000 0.00000000 0.00000000 0.00000000 0.00000000 0.00000000 0.00000000 0.00000000 0.00000000 0.00000000 0.00000000 0.00000000 0.00000000 0.00000000 0.00000000
0.00000000 0.00000000 0.00000000 0.00000000 0.00000000 0.00000000 0.00000000 0.00000000 0.00000000 0.00000000 0.00000000 0.00000000 0.00000000 0.00000000 0.00000000 0.00000000 0.00000000 0.00000000 0.00000000 0.00000000 0.00000000 0.00000000 0.00000000 0.00000000 0.00000000 0.00000000 0.00000000 0.00000000 0.00000000 0.00000000 0.00000000 0.00000000
0.00000000 0.00000000 0.00000000 0.00000000 0.00000000 0.00000000 0.00000000 0.00000000 0.00000000 0.00000000 0.00000000 0.00000000 0.00000000 0.00000000 0.00000000 0.00000000 0.00000000 0.00000000 0.00000000 0.00000000 0.00000000 0.00000000 0.00000000 0.00000000 0.00000000 0.00000000 0.00000000 0.00000000 0.00000000 0.00000000 0.00000000 0.00000000
0.00000000 0.00000000 0.00000000 0.00000000 0.00000000 0.00000000 0.00000000 0.00000000 0.00000000 0.00000000 0.00000000 0.00000000 0.00000000 0.00000000 0.00000000 0.00000000 0.00000000 0.00000000 0.00000000 0.00000000 0.00000000 0.00000000 0.00000000 0.00000000 0.00000000 0.00000000 0.00000000 0.00000000 0.00000000 0.00000000 0.00000000 0.00000000
0.00000000 0.00000000 0.00000000 0.00000000 0.00000000 0.00000000 0.00000000 0.00000000 0.00000000 0.00000000 0.00000000 0.00000000 0.00000000 0.00000000 0.00000000 0.00000000 0.00000000 0.00000000 0.00000000 0.00000000 0.00000000 0.00000000 0.00000000 0.00000000 0.00000000 0.00000000 0.00000000 0.00000000 0.00000000 0.00000000 0.00000000 0.00000000
0.00000000 0.00000000 0.00000000 0.00000000 0.00000000 0.00000000 0.00000000 0.00000000 0.00000000 0.00000000 0.00000000 0.00000000 0.00000000 0.00000000 0.00000000 0.00000000 0.00000000 0.00000000 0.00000000 0.00000000 0.00000000 0.00000000 0.00000000 0.00000000 0.00000000 0.00000000 0.00000000 0.00000000 0.00000000 0.00000000 0.00000000 0.00000000
0.00000000 0.00000000 0.00000000 0.00000000 0.00000000 0.00000000 0.00000000 0.00000000 0.00000000 0.00000000 0.00000000 0.00000000 0.00000000 0.00000000 0.00000000 0.00000000 0.00000000 0.00000000 0.00000000 0.00000000 0.00000000 0.00000000 0.00000000 0.00000000 0.00000000 0.00000000 0.00000000 0.00000000 0.00000000 0.00000000 0.00000000 0.00000000
0.00000000 0.00000000 0.00000000 0.00000000 0.00000000 0.00000000 0.00000000 0.00000000 0.00000000 0.00000000 0.00000000 0.00000000 0.00000000 0.00000000 0.00000000 0.00000000 0.00000000 0.00000000 0.00000000 0.00000000 0.00000000 0.00000000 0.00000000 0.00000000 0.00000000 0.00000000 0.00000000 0.00000000 0.00000000 0.00000000 0.00000000 0.00000000
0.00000000 0.00000000 0.00000000 0.00000000 0.00000000 0.00000000 0.00000000 0.00000000 0.00000000 0.00000000 0.00000000 0.00000000 0.00000000 0.00000000 0.00000000 0.00000000 0.00000000 0.00000000 0.00000000 0.00000000 0.00000000 0.00000000 0.00000000 0.00000000 0.00000000 0.00000000 0.00000000 0.00000000 0.00000000 0.00000000 0.00000000 0.00000000
0.00000000 0.00000000 0.00000000 0.00000000 0.00000000 0.00000000 0.00000000 0.00000000 0.00000000 0.00000000 0.00000000 0.00000000 0.00000000 0.00000000 0.00000000 0.00000000 0.00000000 0.00000000 0.00000000 0.00000000 0.00000000 0.00000000 0.00000000 0.00000000 0.00000000 0.00000000 0.00000000 0.00000000 0.00000000 0.00000000 0.00000000 0.00000000
0.00000000 0.00000000 0.00000000 0.00000000 0.00000000 0.00000000 0.00000000 0.00000000 0.00000000 0.00000000 0.00000000 0.00000000 0.00000000 0.00000000 0.00000000 0.00000000 0.00000000 0.00000000 0.00000000 0.00000000 0.00000000 0.00000000 0.00000000 0.00000000 0.00000000 0.00000000 0.00000000 0.00000000 0.00000000 0.00000000 0.00000000 0.00000000
0.00000000 0.00000000 0.00000000 0.00000000 0.00000000 0.00000000 0.00000000 0.00000000 0.00000000 0.00000000 0.00000000 0.00000000 0.00000000 0.00000000 0.00000000 0.00000000 0.00000000 0.00000000 0.00000000 0.00000000 0.00000000 0.00000000 0.00000000 0.00000000 0.00000000 0.00000000 0.00000000 0.00000000 0.00000000 0.00000000 0.00000000 0.00000000
0.00000000 0.00000000 0.00000000 0.00000000 0.00000000 0.00000000 0.00000000 0.00000000 0.00000000 0.00000000 0.00000000 0.00000000 0.00000000 0.00000000 0.00000000 0.00000000 0.00000000 0.00000000 0.00000000 0.00000000 0.00000000 0.00000000 0.00000000 0.00000000 0.00000000 0.00000000 0.00000000 0.00000000 0.00000000 0.00000000 0.00000000 0.00000000
0.00000000 0.00000000 0.05555556 0.19444444 0.05555556 0.05555556 0.00000000 0.02777778 0.00000000 0.00000000 0.00000000 0.00000000 0.02777778 0.02777778 0.00000000 0.00000000 0.00000000 0.00000000 0.00000000 0.00000000 0.00000000 0.00000000 0.00000000 0.00000000 0.00000000 0.00000000 0.00000000 0.00000000 0.00000000 0.00000000 0.00000000 0.55555556
0.00000000 0.50394945 0.15797788 0.02843602 0.01579779 0.00000000 0.01421801 0.01895735 0.06477093 0.04265403 0.01737757 0.00947867 0.00000000 0.00000000 0.00473934 0.00000000 0.00157978 0.00157978 0.00157978 0.00157978 0.00000000 0.00000000 0.00631912 0.00000000 0.00000000 0.00157978 0.00000000 0.00000000 0.00000000 0.00000000 0.00000000 0.10742496
0.00351686 0.01570976 0.00452879 0.00670195 0.00499328 0.00671853 0.22957482 0.05882451 0.01423334 0.01707006 0.01308870 0.01151275 0.03956471 0.10293459 0.19798942 0.25600106 0.00399794 0.00000000 0.00184138 0.00028201 0.00034837 0.00006636 0.00043131 0.00001659 0.00000000 0.00009953 0.00001659 0.00000000 0.00053085 0.00054744 0.00000000 0.00885851
0.00001185 0.01043012 0.01495775 0.12050349 0.19398846 0.16692940 0.08649892 0.15639260 0.04014413 0.01718600 0.01678302 0.01675931 0.01345249 0.01333397 0.02355075 0.02370483 0.00338979 0.02670349 0.01035901 0.00175416 0.00188453 0.00125636 0.00232307 0.00035557 0.00029631 0.00080596 0.00009482 0.00004741 0.00033187 0.00066374 0.00000000 0.03510685
0.00004277 0.01947772 0.02606196 0.03017443 0.07372203 0.07998851 0.09516433 0.11041348 0.07042839 0.04786478 0.04179079 0.04471168 0.03322670 0.04881805 0.05553060 0.05864704 0.01285988 0.01535608 0.01616269 0.00242899 0.00242593 0.00149100 0.00342197 0.00096243 0.00055913 0.00040636 0.00015888 0.00002750 0.00025054 0.00033914 0.00000000 0.10708622
0.00005439 0.09432178 0.03120688 0.02567941 0.04840767 0.07732080 0.08785197 0.12880376 0.07183471 0.03216222 0.03922674 0.04968579 0.02851468 0.03515474 0.04298543 0.07306908 0.01441873 0.01658361 0.01499453 0.00276906 0.00202536 0.00121664 0.00232568 0.00036653 0.00023174 0.00097425 0.00041027 0.00007567 0.00040555 0.00102155 0.00000000 0.07590080
0.00026692 0.00418643 0.04550755 0.04324107 0.05582378 0.10444071 0.10818696 0.11737463 0.06833156 0.04783022 0.05533676 0.05076634 0.02698235 0.02413988 0.01757927 0.03177755 0.01019916 0.01364103 0.01176322 0.00411151 0.00316090 0.00206044 0.00465940 0.00198083 0.00111919 0.00250062 0.00121753 0.00028565 0.00169049 0.00332011 0.00000000 0.13651796
0.00000000 0.01383711 0.09724952 0.04939744 0.12547615 0.08016579 0.09633450 0.10397999 0.08051146 0.07552292 0.05156977 0.03106996 0.01383711 0.01308138 0.02669482 0.04497824 0.01583321 0.00656780 0.00603234 0.00720831 0.00252477 0.00208421 0.00171481 0.00064051 0.00023384 0.00019995 0.00006100 0.00003389 0.00031178 0.00069813 0.00000000 0.05214928
0.00000000 0.00157843 0.05023426 0.03389873 0.05922882 0.07248265 0.14045549 0.12925613 0.06358830 0.03698043 0.05504472 0.04033773 0.02390199 0.03988675 0.04640092 0.02938892 0.01733771 0.01593466 0.01798913 0.00706537 0.00791722 0.00561221 0.00881918 0.00466014 0.00187909 0.00107734 0.00052614 0.00020044 0.00275599 0.00673966 0.00000000 0.07882144
0.00000000 0.00377266 0.01012056 0.14083491 0.08467153 0.08901829 0.16209300 0.18013614 0.12318543 0.05932912 0.01640285 0.01151480 0.00506848 0.00477323 0.00157467 0.00218158 0.00132863 0.00259165 0.00137784 0.00095137 0.00129583 0.00082014 0.00100057 0.00039367 0.00063971 0.00047568 0.00019683 0.00013122 0.00072173 0.00108259 0.00000000 0.09231526
0.00000000 0.00412223 0.01156018 0.03485975 0.02446456 0.01863966 0.03423246 0.03261941 0.01953580 0.04641993 0.00815485 0.00322610 0.00582489 0.00492876 0.02025271 0.00967829 0.00367416 0.00215073 0.00537683 0.00385339 0.00501837 0.00286764 0.00340532 0.00277803 0.00188189 0.00215073 0.00161305 0.00035846 0.00421185 0.00448069 0.00000000 0.67765929
0.00000000 0.00048401 0.00160329 0.05366488 0.28142300 0.16516925 0.27857942 0.04976253 0.01276583 0.00862147 0.00665517 0.00502163 0.00447712 0.03176332 0.04283510 0.00471912 0.00363009 0.00024201 0.00363009 0.00036301 0.00018150 0.00018150 0.00018150 0.00015125 0.00006050 0.00000000 0.00006050 0.00000000 0.00048401 0.00060502 0.00000000 0.04268385
0.00024231 0.03368064 0.06324206 0.03077296 0.12139569 0.08214199 0.04603828 0.05112673 0.03416525 0.10176884 0.01744609 0.00387691 0.01235764 0.00944996 0.12866489 0.05621517 0.02762297 0.00242307 0.00169615 0.00145384 0.00048461 0.00048461 0.00193845 0.00048461 0.00000000 0.00024231 0.00072692 0.00000000 0.00048461 0.00072692 0.00000000 0.16864551
0.00000000 0.00000000 0.00000000 0.00000000 0.00000000 0.00912548 0.01596958 0.43193916 0.28593156 0.02357414 0.01673004 0.00988593 0.01140684 0.01140684 0.00152091 0.00000000 0.00000000 0.00000000 0.00000000 0.00076046 0.00152091 0.00076046 0.00000000 0.00000000 0.00000000 0.00000000 0.00076046 0.00000000 0.00000000 0.00152091 0.00000000 0.17718631
0.00000000 0.00000000 0.00223964 0.00335946 0.03023516 0.01903695 0.03583427 0.13549832 0.06047032 0.18924972 0.04815230 0.00671892 0.00671892 0.01903695 0.11086226 0.04367301 0.01343785 0.00111982 0.00783875 0.00111982 0.00000000 0.00000000 0.00111982 0.00000000 0.00000000 0.00000000 0.00000000 0.00000000 0.00000000 0.01007839 0.00000000 0.25419933
0.00000000 0.00000000 0.00000000 0.00000000 0.00000000 0.00144040 0.02232625 0.00648181 0.02808786 0.00792222 0.00180050 0.00108030 0.19373425 0.55671588 0.00864242 0.00000000 0.00000000 0.03601008 0.00000000 0.00000000 0.00000000 0.00000000 0.00000000 0.00000000 0.00000000 0.00000000 0.00000000 0.00000000 0.00000000 0.00144040 0.00000000 0.13431761
0.00000000 0.03321774 0.14004989 0.70937519 0.08462615 0.00431952 0.00894324 0.00127761 0.00018252 0.00225102 0.00139928 0.00012168 0.00036503 0.00048671 0.00006084 0.00121677 0.00292024 0.00006084 0.00000000 0.00000000 0.00000000 0.00000000 0.00000000 0.00000000 0.00006084 0.00000000 0.00000000 0.00000000 0.00000000 0.00000000 0.00000000 0.00906491
0.00000000 0.00000000 0.00000000 0.00000000 0.44444444 0.00000000 0.00000000 0.00000000 0.11111111 0.11111111 0.00000000 0.00000000 0.00000000 0.00000000 0.00000000 0.11111111 0.00000000 0.00000000 0.00000000 0.00000000 0.11111111 0.00000000 0.00000000 0.00000000 0.00000000 0.00000000 0.00000000 0.00000000 0.00000000 0.00000000 0.00000000 0.11111111
0.00000000 0.00000000 0.00000000 0.00000000 0.00000000 0.00684932 0.02739726 0.02739726 0.00684932 0.00684932 0.00000000 0.00000000 0.00000000 0.00684932 0.00000000 0.00000000 0.00000000 0.00000000 0.00000000 0.00000000 0.00000000 0.00000000 0.00000000 0.00000000 0.00000000 0.00000000 0.00000000 0.00000000 0.00000000 0.00000000 0.00000000 0.91780822
0.00000000 0.00000000 0.00000000 0.00000000 0.00000000 0.00000000 0.00000000 0.00000000 0.00000000 0.00000000 0.00000000 0.00000000 0.21428571 0.78571429 0.00000000 0.00000000 0.00000000 0.00000000 0.00000000 0.00000000 0.00000000 0.00000000 0.00000000 0.00000000 0.00000000 0.00000000 0.00000000 0.00000000 0.00000000 0.00000000 0.00000000 0.00000000
0.00000000 0.00000000 0.00000000 0.00000000 0.00000000 0.00000000 0.00000000 0.00000000 0.00000000 0.00000000 0.00000000 0.00000000 0.00000000 0.20000000 0.00000000 0.20000000 0.00000000 0.00000000 0.00000000 0.00000000 0.00000000 0.00000000 0.00000000 0.00000000 0.00000000 0.00000000 0.00000000 0.00000000 0.00000000 0.00000000 0.00000000 0.60000000
0.00000000 0.00000000 0.00000000 0.00000000 0.00000000 0.00000000 0.00000000 0.00000000 0.00000000 0.00000000 0.00000000 0.12500000 0.59375000 0.03125000 0.00000000 0.00000000 0.03125000 0.15625000 0.03125000 0.00000000 0.03125000 0.00000000 0.00000000 0.00000000 0.00000000 0.00000000 0.00000000 0.00000000 0.00000000 0.00000000 0.00000000 0.00000000
0.00000000 0.00000000 0.00000000 0.00000000 0.00000000 0.00000000 0.00000000 0.00000000 0.00000000 0.00000000 0.00000000 0.00000000 0.00000000 0.19047619 0.04761905 0.14285714 0.04761905 0.00000000 0.04761905 0.00000000 0.00000000 0.00000000 0.04761905 0.00000000 0.00000000 0.00000000 0.00000000 0.00000000 0.00000000 0.00000000 0.00000000 0.47619048
0.00000000 0.00000000 0.00000000 0.00000000 0.00000000 0.00000000 0.00000000 0.00000000 0.00000000 0.00000000 0.00000000 0.00000000 0.00000000 0.00000000 0.00000000 0.00000000 0.00000000 0.00000000 0.00000000 0.00000000 0.00000000 0.00000000 0.00000000 0.00000000 0.00000000 0.00000000 0.00000000 0.00000000 0.00000000 0.00000000 0.00000000 0.00000000
0.00000000 0.00000000 0.00000000 0.00000000 0.00000000 0.00000000 0.00000000 0.00000000 0.00000000 0.00000000 0.00000000 0.00000000 0.00000000 0.00000000 0.00000000 0.00000000 0.00000000 0.00000000 0.00000000 0.00000000 0.00000000 0.00000000 0.00000000 0.00000000 0.00000000 0.00000000 0.00000000 0.00000000 0.00000000 0.00000000 0.00000000 0.00000000
0.00000000 0.00000000 0.00000000 0.00000000 0.00000000 0.00000000 0.00000000 0.00000000 0.00000000 0.00000000 0.00000000 0.00000000 0.00000000 0.00000000 0.00000000 0.00000000 0.00000000 0.00000000 0.00000000 0.00000000 0.00000000 0.00000000 0.00000000 0.00000000 0.00000000 0.00000000 0.00000000 0.00000000 0.00000000 0.00000000 0.00000000 0.00000000
0.00000000 0.00000000 0.00000000 0.00000000 0.00000000 0.00000000 0.00000000 0.00000000 0.00000000 0.00000000 0.00000000 0.00000000 0.00000000 0.00000000 0.00000000 0.00000000 0.00000000 0.00000000 0.00000000 0.00000000 0.00000000 0.00000000 0.00000000 0.00000000 0.00000000 0.00000000 0.00000000 0.00000000 0.00000000 0.00000000 0.00000000 0.00000000
0.00000000 0.00000000 0.00000000 0.00000000 0.00000000 0.00000000 0.00000000 0.00000000 0.00000000 0.00000000 0.00000000 0.00000000 0.00000000 0.00000000 0.00000000 0.00000000 0.00000000 0.00000000 0.00000000 0.00000000 0.00000000 0.00000000 0.00000000 0.00000000 0.00000000 0.00000000 0.00000000 0.00000000 0.00000000 0.00000000 0.00000000 0.00000000
0.00000000 0.00000000 0.00000000 0.00000000 0.00000000 0.00000000 0.00000000 0.00000000 0.00000000 0.00000000 0.00000000 0.00000000 0.00000000 0.00000000 0.00000000 0.00000000 0.00000000 0.00000000 0.00000000 0.00000000 0.00000000 0.00000000 0.00000000 0.00000000 0.00000000 0.00000000 0.00000000 0.00000000 0.00000000 0.00000000 0.00000000 0.00000000
0.00000000 0.00000000 0.00000000 0.00000000 0.00000000 0.00000000 0.00000000 0.00000000 0.00000000 0.00000000 0.00000000 0.00000000 0.00000000 0.00000000 0.00000000 0.00000000 0.00000000 0.00000000 0.00000000 0.00000000 0.00000000 0.00000000 0.00000000 0.00000000 0.00000000 0.00000000 0.00000000 0.00000000 0.00000000 0.00000000 0.00000000 0.00000000
0.00000000 0.00000000 0.00000000 0.00000000 0.00000000 0.00000000 0.00000000 0.00000000 0.00000000 0.00000000 0.00000000 0.00000000 0.00000000 0.00000000 0.00000000 0.00000000 0.00000000 0.00000000 0.00000000 0.00000000 0.00000000 0.00000000 0.00000000 0.00000000 0.00000000 0.00000000 0.00000000 0.00000000 0.00000000 0.00000000 0.00000000 0.00000000
0.00000000 0.00000000 0.00000000 0.00000000 0.00000000 0.00000000 0.00000000 0.00000000 0.00000000 0.00000000 0.00000000 0.00000000 0.00000000 0.00000000 0.00000000 0.00000000 0.00000000 0.00000000 0.00000000 0.00000000 0.00000000 0.00000000 0.00000000 0.00000000 0.00000000 0.00000000 0.00000000 0.00000000 0.00000000 0.00000000 0.00000000 0.00000000
