32
0.00176294 0.00998076 0.08272591 0.08843896 0.40030445 0.14054711 0.15286196 0.05848974 0.01842275 0.00901048 0.00685798 0.02031676 0.00496463 0.00049125 0.00115086 0.00084978 0.00268568 0.00004985 0.00004589 0.00000924 0.00003202 0.00000066 0.00000033 0.00000000 0.00000000 0.00000000 0.00000000 0.00000000 0.00000000 0.00000000 0.00000000 0.00000000
3
0.49127061 0.08260588 0.09214355 0.10669253 0.17814420 0.04445522 0.00436469 0.00032331 0.00000000 0.00000000 0.00000000 0.00000000 0.00000000 0.00000000 0.00000000 0.00000000 0.00000000 0.00000000 0.00000000 0.00000000 0.00000000 0.00000000 0.00000000 0.00000000 0.00000000 0.00000000 0.00000000 0.00000000 0.00000000 0.00000000 0.00000000 0.00000000
0.16091573 0.19177173 0.16058394 0.14764433 0.23954877 0.08493696 0.01459854 0.00000000 0.00000000 0.00000000 0.00000000 0.00000000 0.00000000 0.00000000 0.00000000 0.00000000 0.00000000 0.00000000 0.00000000 0.00000000 0.00000000 0.00000000 0.00000000 0.00000000 0.00000000 0.00000000 0.00000000 0.00000000 0.00000000 0.00000000 0.00000000 0.00000000
0.13133539 0.09453504 0.23248127 0.22212428 0.19457911 0.10885853 0.01586602 0.00022036 0.00000000 0.00000000 0.00000000 0.00000000 0.00000000 0.00000000 0.00000000 0.00000000 0.00000000 0.00000000 0.00000000 0.00000000 0.00000000 0.00000000 0.00000000 0.00000000 0.00000000 0.00000000 0.00000000 0.00000000 0.00000000 0.00000000 0.00000000 0.00000000
0.12548950 0.07671769 0.17016732 0.21929512 0.20398718 0.17070132 0.03328587 0.00035600 0.00000000 0.00000000 0.00000000 0.00000000 0.00000000 0.00000000 0.00000000 0.00000000 0.00000000 0.00000000 0.00000000 0.00000000 0.00000000 0.00000000 0.00000000 0.00000000 0.00000000 0.00000000 0.00000000 0.00000000 0.00000000 0.00000000 0.00000000 0.00000000
0.09557087 0.07234252 0.08494094 0.10629921 0.26801181 0.32372047 0.04793307 0.00118110 0.00000000 0.00000000 0.00000000 0.00000000 0.00000000 0.00000000 0.00000000 0.00000000 0.00000000 0.00000000 0.00000000 0.00000000 0.00000000 0.00000000 0.00000000 0.00000000 0.00000000 0.00000000 0.00000000 0.00000000 0.00000000 0.00000000 0.00000000 0.00000000
0.01897047 0.01431931 0.02754115 0.05314868 0.15646721 0.53718317 0.18939117 0.00297883 0.00000000 0.00000000 0.00000000 0.00000000 0.00000000 0.00000000 0.00000000 0.00000000 0.00000000 0.00000000 0.00000000 0.00000000 0.00000000 0.00000000 0.00000000 0.00000000 0.00000000 0.00000000 0.00000000 0.00000000 0.00000000 0.00000000 0.00000000 0.00000000
0.00161483 0.00328947 0.00490431 0.01010766 0.03391148 0.21130383 0.68403110 0.05083732 0.00000000 0.00000000 0.00000000 0.00000000 0.00000000 0.00000000 0.00000000 0.00000000 0.00000000 0.00000000 0.00000000 0.00000000 0.00000000 0.00000000 0.00000000 0.00000000 0.00000000 0.00000000 0.00000000 0.00000000 0.00000000 0.00000000 0.00000000 0.00000000
0.00000000 0.00040683 0.00040683 0.00244101 0.00935720 0.02074858 0.34214809 0.62408462 0.00040683 0.00000000 0.00000000 0.00000000 0.00000000 0.00000000 0.00000000 0.00000000 0.00000000 0.00000000 0.00000000 0.00000000 0.00000000 0.00000000 0.00000000 0.00000000 0.00000000 0.00000000 0.00000000 0.00000000 0.00000000 0.00000000 0.00000000 0.00000000
0.00000000 0.00000000 0.00000000 0.00000000 0.00000000 0.00000000 0.50000000 0.00000000 0.50000000 0.00000000 0.00000000 0.00000000 0.00000000 0.00000000 0.00000000 0.00000000 0.00000000 0.00000000 0.00000000 0.00000000 0.00000000 0.00000000 0.00000000 0.00000000 0.00000000 0.00000000 0.00000000 0.00000000 0.00000000 0.00000000 0.00000000 0.00000000
0.00000000 0.00000000 0.00000000 0.00000000 0.00000000 0.00000000 0.00000000 0.00000000 0.00000000 0.00000000 0.00000000 0.00000000 0.00000000 0.00000000 0.00000000 0.00000000 0.00000000 0.00000000 0.00000000 0.00000000 0.00000000 0.00000000 0.00000000 0.00000000 0.00000000 0.00000000 0.00000000 0.00000000 0.00000000 0.00000000 0.00000000 0.00000000
0.00000000 0.00000000 0.00000000 0.00000000 0.00000000 0.00000000 0.00000000 0.00000000 0.00000000 0.00000000 0.00000000 0.00000000 0.00000000 0.00000000 0.00000000 0.00000000 0.00000000 0.00000000 0.00000000 0.00000000 0.00000000 0.00000000 0.00000000 0.00000000 0.00000000 0.00000000 0.00000000 0.00000000 0.00000000 0.00000000 0.00000000 0.00000000
0.00000000 0.00000000 0.00000000 0.00000000 0.00000000 0.00000000 0.00000000 0.00000000 0.00000000 0.00000000 0.00000000 0.00000000 0.00000000 0.00000000 0.00000000 0.00000000 0.00000000 0.00000000 0.00000000 0.00000000 0.00000000 0.00000000 0.00000000 0.00000000 0.00000000 0.00000000 0.00000000 0.00000000 0.00000000 0.00000000 0.00000000 0.00000000
0.00000000 0.00000000 0.00000000 0.00000000 0.00000000 0.00000000 0.00000000 0.00000000 0.00000000 0.00000000 0.00000000 0.00000000 0.00000000 0.00000000 0.00000000 0.00000000 0.00000000 0.00000000 0.00000000 0.00000000 0.00000000 0.00000000 0.00000000 0.00000000 0.00000000 0.00000000 0.00000000 0.00000000 0.00000000 0.00000000 0.00000000 0.00000000
0.00000000 0.00000000 0.00000000 0.00000000 0.00000000 0.00000000 0.00000000 0.00000000 0.00000000 0.00000000 0.00000000 0.00000000 0.00000000 0.00000000 0.00000000 0.00000000 0.00000000 0.00000000 0.00000000 0.00000000 0.00000000 0.00000000 0.00000000 0.00000000 0.00000000 0.00000000 0.00000000 0.00000000 0.00000000 0.00000000 0.00000000 0.00000000
0.00000000 0.00000000 0.00000000 0.00000000 0.00000000 0.00000000 0.00000000 0.00000000 0.00000000 0.00000000 0.00000000 0.00000000 0.00000000 0.00000000 0.00000000 0.00000000 0.00000000 0.00000000 0.00000000 0.00000000 0.00000000 0.00000000 0.00000000 0.00000000 0.00000000 0.00000000 0.00000000 0.00000000 0.00000000 0.00000000 0.00000000 0.00000000
0.00000000 0.00000000 0.00000000 0.00000000 0.00000000 0.00000000 0.00000000 0.00000000 0.00000000 0.00000000 0.00000000 0.00000000 0.00000000 0.00000000 0.00000000 0.00000000 0.00000000 0.00000000 0.00000000 0.00000000 0.00000000 0.00000000 0.00000000 0.00000000 0.00000000 0.00000000 0.00000000 0.00000000 0.00000000 0.00000000 0.00000000 0.00000000
0.00000000 0.00000000 0.00000000 0.00000000 0.00000000 0.00000000 0.00000000 0.00000000 0.00000000 0.00000000 0.00000000 0.00000000 0.00000000 0.00000000 0.00000000 0.00000000 0.00000000 0.00000000 0.00000000 0.00000000 0.00000000 0.00000000 0.00000000 0.00000000 0.00000000 0.00000000 0.00000000 0.00000000 0.00000000 0.00000000 0.00000000 0.00000000
0.00000000 0.00000000 0.00000000 0.00000000 0.00000000 0.00000000 0.00000000 0.00000000 0.00000000 0.00000000 0.00000000 0.00000000 0.00000000 0.00000000 0.00000000 0.00000000 0.00000000 0.00000000 0.00000000 0.00000000 0.00000000 0.00000000 0.00000000 0.00000000 0.00000000 0.00000000 0.00000000 0.00000000 0.00000000 0.00000000 0.00000000 0.00000000
0.00000000 0.00000000 0.00000000 0.00000000 0.00000000 0.00000000 0.00000000 0.00000000 0.00000000 0.00000000 0.00000000 0.00000000 0.00000000 0.00000000 0.00000000 0.00000000 0.00000000 0.00000000 0.00000000 0.00000000 0.00000000 0.00000000 0.00000000 0.00000000 0.00000000 0.00000000 0.00000000 0.00000000 0.00000000 0.00000000 0.00000000 0.00000000
0.00000000 0.00000000 0.00000000 0.00000000 0.00000000 0.00000000 0.00000000 0.00000000 0.00000000 0.00000000 0.00000000 0.00000000 0.00000000 0.00000000 0.00000000 0.00000000 0.00000000 0.00000000 0.00000000 0.00000000 0.00000000 0.00000000 0.00000000 0.00000000 0.00000000 0.00000000 0.00000000 0.00000000 0.00000000 0.00000000 0.00000000 0.00000000
0.00000000 0.00000000 0.00000000 0.00000000 0.00000000 0.00000000 0.00000000 0.00000000 0.00000000 0.00000000 0.00000000 0.00000000 0.00000000 0.00000000 0.00000000 0.00000000 0.00000000 0.00000000 0.00000000 0.00000000 0.00000000 0.00000000 0.00000000 0.00000000 0.00000000 0.00000000 0.00000000 0.00000000 0.00000000 0.00000000 0.00000000 0.00000000
0.00000000 0.00000000 0.00000000 0.00000000 0.00000000 0.00000000 0.00000000 0.00000000 0.00000000 0.00000000 0.00000000 0.00000000 0.00000000 0.00000000 0.00000000 0.00000000 0.00000000 0.00000000 0.00000000 0.00000000 0.00000000 0.00000000 0.00000000 0.00000000 0.00000000 0.00000000 0.00000000 0.00000000 0.00000000 0.00000000 0.00000000 0.00000000
0.00000000 0.00000000 0.00000000 0.00000000 0.00000000 0.00000000 0.00000000 0.00000000 0.00000000 0.00000000 0.00000000 0.00000000 0.00000000 0.00000000 0.00000000 0.00000000 0.00000000 0.00000000 0.00000000 0.00000000 0.00000000 0.00000000 0.00000000 0.00000000 0.00000000 0.00000000 0.00000000 0.00000000 0.00000000 0.00000000 0.00000000 0.00000000
0.00000000 0.00000000 0.00000000 0.00000000 0.00000000 0.00000000 0.00000000 0.00000000 0.00000000 0.00000000 0.00000000 0.00000000 0.00000000 0.00000000 0.00000000 0.00000000 0.00000000 0.00000000 0.00000000 0.00000000 0.00000000 0.00000000 0.00000000 0.00000000 0.00000000 0.00000000 0.00000000 0.00000000 0.00000000 0.00000000 0.00000000 0.00000000
0.00000000 0.00000000 0.00000000 0.00000000 0.00000000 0.00000000 0.00000000 0.00000000 0.00000000 0.00000000 0.00000000 0.00000000 0.00000000 0.00000000 0.00000000 0.00000000 0.00000000 0.00000000 0.00000000 0.00000000 0.00000000 0.00000000 0.00000000 0.00000000 0.00000000 0.00000000 0.00000000 0.00000000 0.00000000 0.00000000 0.00000000 0.00000000
0.00000000 0.00000000 0.00000000 0.00000000 0.00000000 0.00000000 0.00000000 0.00000000 0.00000000 0.00000000 0.00000000 0.00000000 0.00000000 0.00000000 0.00000000 0.00000000 0.00000000 0.00000000 0.00000000 0.00000000 0.00000000 0.00000000 0.00000000 0.00000000 0.00000000 0.00000000 0.00000000 0.00000000 0.00000000 0.00000000 0.00000000 0.00000000
0.00000000 0.00000000 0.00000000 0.00000000 0.00000000 0.00000000 0.00000000 0.00000000 0.00000000 0.00000000 0.00000000 0.00000000 0.00000000 0.00000000 0.00000000 0.00000000 0.00000000 0.00000000 0.00000000 0.00000000 0.00000000 0.00000000 0.00000000 0.00000000 0.00000000 0.00000000 0.00000000 0.00000000 0.00000000 0.00000000 0.00000000 0.00000000
0.00000000 0.00000000 0.00000000 0.00000000 0.00000000 0.00000000 0.00000000 0.00000000 0.00000000 0.00000000 0.00000000 0.00000000 0.00000000 0.00000000 0.00000000 0.00000000 0.00000000 0.00000000 0.00000000 0.00000000 0.00000000 0.00000000 0.00000000 0.00000000 0.00000000 0.00000000 0.00000000 0.00000000 0.00000000 0.00000000 0.00000000 0.00000000
0.00000000 0.00000000 0.00000000 0.00000000 0.00000000 0.00000000 0.00000000 0.00000000 0.00000000 0.00000000 0.00000000 0.00000000 0.00000000 0.00000000 0.00000000 0.00000000 0.00000000 0.00000000 0.00000000 0.00000000 0.00000000 0.00000000 0.00000000 0.00000000 0.00000000 0.00000000 0.00000000 0.00000000 0.00000000 0.00000000 0.00000000 0.00000000
0.00000000 0.00000000 0.00000000 0.00000000 0.00000000 0.00000000 0.00000000 0.00000000 0.00000000 0.00000000 0.00000000 0.00000000 0.00000000 0.00000000 0.00000000 0.00000000 0.00000000 0.00000000 0.00000000 0.00000000 0.00000000 0.00000000 0.00000000 0.00000000 0.00000000 0.00000000 0.00000000 0.00000000 0.00000000 0.00000000 0.00000000 0.00000000
0.00000000 0.00000000 0.00000000 0.00000000 0.00000000 0.00000000 0.00000000 0.00000000 0.00000000 0.00000000 0.00000000 0.00000000 0.00000000 0.00000000 0.00000000 0.00000000 0.00000000 0.00000000 0.00000000 0.00000000 0.00000000 0.00000000 0.00000000 0.00000000 0.00000000 0.00000000 0.00000000 0.00000000 0.00000000 0.00000000 0.00000000 0.00000000
0.00000000 0.00000000 0.00000000 0.00000000 0.00000000 0.00000000 0.00000000 0.00000000 0.00000000 0.00000000 0.00000000 0.00000000 0.00000000 0.00000000 0.00000000 0.00000000 0.00000000 0.00000000 0.00000000 0.00000000 0.00000000 0.00000000 0.00000000 0.00000000 0.00000000 0.00000000 0.00000000 0.00000000 0.00000000 0.00000000 0.00000000 0.00000000
0.00000000 0.07172285 0.04625468 0.09307116 0.15636704 0.10992509 0.08764045 0.05730337 0.06011236 0.04662921 0.00767790 0.00599251 0.01367041 0.00468165 0.00486891 0.00318352 0.00187266 0.00262172 0.00543071 0.00224719 0.00224719 0.00131086 0.00093633 0.00262172 0.00056180 0.00749064 0.00056180 0.00000000 0.00280899 0.00000000 0.00000000 0.20018727
0.00000000 0.18973273 0.05768722 0.04144615 0.06297962 0.03201905 0.01098174 0.01071712 0.01409103 0.02110347 0.01872188 0.01395872 0.00979095 0.00575549 0.02153347 0.06486504 0.26892035 0.02265811 0.00066155 0.00360545 0.00456470 0.00271236 0.00178619 0.00112464 0.00033078 0.00201773 0.00215004 0.00003308 0.00208388 0.00000000 0.00000000 0.11196745
0.00000000 0.35044836 0.04436924 0.02668619 0.03380172 0.06195252 0.09190315 0.08971223 0.02862570 0.02586410 0.01289015 0.01327326 0.01862486 0.02565658 0.03910942 0.05735517 0.02009745 0.00458538 0.00351985 0.00419429 0.00353581 0.00177988 0.00158832 0.00162823 0.00065847 0.00225079 0.00057068 0.00021949 0.00244234 0.00000000 0.00000000 0.03265637
0.00000000 0.07990772 0.03460080 0.05129832 0.05124606 0.05023443 0.07286363 0.08186752 0.03612384 0.06054113 0.05283630 0.02445835 0.02546251 0.03003166 0.04824850 0.12764480 0.04449314 0.01675352 0.00826104 0.00453181 0.00415105 0.00193741 0.00086231 0.00083618 0.00073166 0.00408759 0.00084365 0.00011572 0.00715235 0.00000000 0.00000000 0.07787699
0.00000000 0.05968580 0.04281533 0.05434079 0.09036208 0.09024827 0.06788764 0.09231006 0.06541513 0.04985596 0.04341985 0.05395729 0.05642651 0.03826123 0.03202387 0.04396251 0.02104850 0.01063641 0.01164834 0.00672641 0.00576067 0.00347867 0.00207087 0.00210386 0.00249313 0.00421184 0.00072493 0.00028040 0.00349516 0.00000000 0.00000000 0.04434848
0.00000000 0.06002523 0.08658253 0.05369949 0.06396678 0.06474663 0.08855800 0.09733370 0.08716977 0.03904435 0.03502764 0.02591134 0.04754992 0.02939014 0.02122752 0.02205200 0.02865022 0.01049279 0.00780088 0.01434508 0.01392226 0.00600628 0.00381705 0.00489757 0.00280230 0.00559991 0.00183453 0.00049563 0.00288922 0.00000000 0.00000000 0.07416125
0.00000000 0.18827358 0.09114450 0.04458526 0.09483114 0.06240943 0.08359628 0.10229729 0.09689583 0.04509711 0.03686642 0.02642633 0.02147410 0.01773346 0.01319589 0.01083531 0.01178991 0.00543170 0.00404516 0.00286595 0.00279900 0.00188760 0.00114033 0.00134119 0.00131743 0.00189191 0.00087253 0.00030884 0.00201718 0.00000000 0.00000000 0.02662935
0.00000000 0.02875253 0.03775534 0.05617863 0.35909058 0.10192079 0.03669419 0.05694063 0.07723786 0.06566686 0.01338285 0.00925116 0.01762179 0.03519278 0.01371023 0.01227091 0.00800939 0.00597177 0.00446471 0.00280526 0.00434054 0.00204891 0.00124177 0.00138288 0.00255127 0.00428409 0.00158607 0.00192474 0.00257949 0.00000000 0.00000000 0.03514198
0.00000000 0.00189954 0.01453327 0.05994301 0.13002885 0.15146139 0.10275433 0.08935003 0.07750479 0.08184148 0.06254144 0.01836819 0.01571600 0.01747218 0.01209612 0.02152214 0.02618139 0.01611024 0.00691719 0.00317187 0.00652295 0.00324355 0.00207874 0.00157698 0.00301059 0.00408580 0.00229378 0.00150530 0.00265219 0.00000000 0.00000000 0.06361665
0.00000000 0.00688821 0.03942403 0.02971458 0.06888213 0.10812296 0.12501374 0.09394350 0.05770710 0.05114865 0.05371341 0.04484666 0.02037152 0.01546184 0.00773092 0.02183710 0.05481259 0.03990034 0.00696149 0.01220093 0.01417946 0.00806067 0.00326091 0.00293115 0.00436009 0.00967281 0.00329755 0.00084271 0.00582567 0.00000000 0.00000000 0.08888726
0.00000000 0.01275694 0.00370673 0.05901892 0.07326818 0.08381072 0.29557599 0.08328118 0.06084822 0.01862995 0.04606942 0.01001300 0.00698021 0.00876137 0.00986858 0.03047225 0.03754874 0.02026669 0.00235883 0.00231069 0.00486208 0.00293650 0.00105907 0.00158860 0.00399557 0.01179416 0.00274395 0.00394743 0.00418813 0.00000000 0.00000000 0.09733789
0.00000000 0.08873903 0.02443939 0.03235294 0.59319142 0.12843679 0.03908027 0.00502112 0.00633734 0.00918102 0.01793955 0.00944101 0.00159246 0.00165746 0.00211245 0.00175496 0.00237244 0.00204745 0.00047124 0.00160871 0.00220994 0.00136497 0.00064998 0.00043874 0.00042249 0.00113747 0.00082873 0.00006500 0.00043874 0.00000000 0.00000000 0.02466688
0.00000000 0.02606730 0.02061444 0.01256816 0.01768852 0.04269185 0.02952520 0.12062774 0.05426253 0.01981646 0.01283415 0.00645033 0.00445538 0.01044022 0.00219444 0.00265993 0.00472137 0.00438888 0.00113047 0.00033249 0.00099747 0.00079798 0.00046549 0.00019949 0.00086448 0.00379040 0.00059848 0.00019949 0.00099747 0.00000000 0.00000000 0.59761936
0.00000000 0.00000000 0.00739247 0.00739247 0.00873656 0.04704301 0.04301075 0.17069892 0.11559140 0.03561828 0.02755376 0.02083333 0.02889785 0.04166667 0.05846774 0.05107527 0.02419355 0.02620968 0.01545699 0.03696237 0.03225806 0.02688172 0.01276882 0.00604839 0.00604839 0.01008065 0.01142473 0.00134409 0.01478495 0.00000000 0.00000000 0.11155914
0.00000000 0.00057372 0.00200803 0.00430293 0.00229489 0.07458405 0.07200229 0.06798623 0.04245554 0.03471027 0.02294894 0.00717154 0.00975330 0.02983362 0.00258176 0.00229489 0.00659782 0.00229489 0.00372920 0.00028686 0.00458979 0.00114745 0.00000000 0.00458979 0.00803213 0.00745841 0.00028686 0.00028686 0.00114745 0.00000000 0.00000000 0.58405049
0.00000000 0.00000000 0.00000000 0.00000000 0.00000000 0.01204351 0.06604507 0.02214452 0.00699301 0.00660451 0.00971251 0.00854701 0.00738151 0.01282051 0.01087801 0.00738151 0.00233100 0.00077700 0.00077700 0.00077700 0.00155400 0.00077700 0.00038850 0.00000000 0.00271950 0.00777001 0.00038850 0.00038850 0.00000000 0.00000000 0.00000000 0.81080031
0.00000000 0.09268593 0.27891825 0.41180086 0.15009219 0.00897357 0.00430240 0.00553165 0.00774431 0.00098341 0.00639213 0.00282729 0.00590043 0.00503995 0.00430240 0.00307314 0.00061463 0.00122926 0.00036878 0.00000000 0.00000000 0.00036878 0.00012293 0.00000000 0.00000000 0.00012293 0.00012293 0.00012293 0.00000000 0.00000000 0.00000000 0.00835894
0.00000000 0.00000000 0.00000000 0.00000000 0.02649007 0.03311258 0.00662252 0.05960265 0.13907285 0.02649007 0.03311258 0.03311258 0.06622517 0.13907285 0.05960265 0.04635762 0.00662252 0.03311258 0.01986755 0.00000000 0.00000000 0.00000000 0.00000000 0.00662252 0.00000000 0.02649007 0.00000000 0.00000000 0.03973510 0.00000000 0.00000000 0.19867550
0.00000000 0.00000000 0.00000000 0.00000000 0.00000000 0.00000000 0.00000000 0.00719424 0.14388489 0.12949640 0.01438849 0.03597122 0.09352518 0.00719424 0.02158273 0.04316547 0.01438849 0.04316547 0.02877698 0.00719424 0.00000000 0.00000000 0.00719424 0.00000000 0.00000000 0.00719424 0.00000000 0.00000000 0.01438849 0.00000000 0.00000000 0.38129496
0.00000000 0.00000000 0.00000000 0.00000000 0.00000000 0.00000000 0.00000000 0.00000000 0.00000000 0.00000000 0.00000000 0.07142857 0.07142857 0.00000000 0.00000000 0.00000000 0.00000000 0.03571429 0.00000000 0.00000000 0.00000000 0.00000000 0.00000000 0.00000000 0.00000000 0.00000000 0.00000000 0.00000000 0.00000000 0.00000000 0.00000000 0.82142857
0.00000000 0.00000000 0.00000000 0.00000000 0.00000000 0.08247423 0.00000000 0.13402062 0.19587629 0.37113402 0.15463918 0.00000000 0.00000000 0.02061856 0.01030928 0.00000000 0.00000000 0.01030928 0.00000000 0.00000000 0.00000000 0.00000000 0.00000000 0.00000000 0.00000000 0.00000000 0.00000000 0.00000000 0.00000000 0.00000000 0.00000000 0.02061856
0.00000000 0.00000000 0.00000000 0.00000000 0.00000000 0.00000000 0.00000000 0.00000000 0.00000000 0.00000000 0.00000000 0.00000000 0.00000000 0.00000000 0.00000000 0.00000000 0.00000000 0.00000000 0.00000000 0.00000000 0.00000000 0.00000000 0.00000000 0.00000000 0.00000000 0.00000000 0.00000000 0.00000000 0.50000000 0.00000000 0.00000000 0.50000000
0.00000000 0.00000000 0.00000000 0.00000000 0.00000000 0.00000000 0.00000000 0.00000000 0.00000000 0.00000000 1.00000000 0.00000000 0.00000000 0.00000000 0.00000000 0.00000000 0.00000000 0.00000000 0.00000000 0.00000000 0.00000000 0.00000000 0.00000000 0.00000000 0.00000000 0.00000000 0.00000000 0.00000000 0.00000000 0.00000000 0.00000000 0.00000000
0.00000000 0.00000000 0.00000000 0.00000000 0.00000000 0.00000000 0.00000000 0.00000000 0.00000000 0.00000000 0.00000000 0.00000000 0.00000000 0.00000000 0.00000000 0.00000000 0.00000000 0.00000000 0.00000000 0.00000000 0.00000000 0.00000000 0.00000000 0.00000000 0.00000000 0.00000000 0.00000000 0.00000000 0.00000000 0.00000000 0.00000000 0.00000000
0.00000000 0.00000000 0.00000000 0.00000000 0.00000000 0.00000000 0.00000000 0.00000000 0.00000000 0.00000000 0.00000000 0.00000000 0.00000000 0.00000000 0.00000000 0.00000000 0.00000000 0.00000000 0.00000000 0.00000000 0.00000000 0.00000000 0.00000000 0.00000000 0.00000000 0.00000000 0.00000000 0.00000000 0.00000000 0.00000000 0.00000000 0.00000000
0.00000000 0.00000000 0.00000000 0.00000000 0.00000000 0.00000000 0.00000000 0.00000000 0.00000000 0.00000000 0.00000000 0.00000000 0.00000000 0.00000000 0.00000000 0.00000000 0.00000000 0.00000000 0.00000000 0.00000000 0.00000000 0.00000000 0.00000000 0.00000000 0.00000000 0.00000000 0.00000000 0.00000000 0.00000000 0.00000000 0.00000000 0.00000000
0.00000000 0.00000000 0.00000000 0.00000000 0.00000000 0.00000000 0.00000000 0.00000000 0.00000000 0.00000000 0.00000000 0.00000000 0.00000000 0.00000000 0.00000000 0.00000000 0.00000000 0.00000000 0.00000000 0.00000000 0.00000000 0.00000000 0.00000000 0.00000000 0.00000000 0.00000000 0.00000000 0.00000000 0.00000000 0.00000000 0.00000000 0.00000000
0.00000000 0.00000000 0.00000000 0.00000000 0.00000000 0.00000000 0.00000000 0.00000000 0.00000000 0.00000000 0.00000000 0.00000000 0.00000000 0.00000000 0.00000000 0.00000000 0.00000000 0.00000000 0.00000000 0.00000000 0.00000000 0.00000000 0.00000000 0.00000000 0.00000000 0.00000000 0.00000000 0.00000000 0.00000000 0.00000000 0.00000000 0.00000000
0.00000000 0.00000000 0.00000000 0.00000000 0.00000000 0.00000000 0.00000000 0.00000000 0.00000000 0.00000000 0.00000000 0.00000000 0.00000000 0.00000000 0.00000000 0.00000000 0.00000000 0.00000000 0.00000000 0.00000000 0.00000000 0.00000000 0.00000000 0.00000000 0.00000000 0.00000000 0.00000000 0.00000000 0.00000000 0.00000000 0.00000000 0.00000000
0.00000000 0.00000000 0.00000000 0.00000000 0.00000000 0.00000000 0.00000000 0.00000000 0.00000000 0.00000000 0.00000000 0.00000000 0.00000000 0.00000000 0.00000000 0.00000000 0.00000000 0.00000000 0.00000000 0.00000000 0.00000000 0.00000000 0.00000000 0.00000000 0.00000000 0.00000000 0.00000000 0.00000000 0.00000000 0.00000000 0.00000000 0.00000000
0.00000000 0.00000000 0.00000000 0.00000000 0.00000000 0.00000000 0.00000000 0.00000000 0.00000000 0.00000000 0.00000000 0.00000000 0.00000000 0.00000000 0.00000000 0.00000000 0.00000000 0.00000000 0.00000000 0.00000000 0.00000000 0.00000000 0.00000000 0.00000000 0.00000000 0.00000000 0.00000000 0.00000000 0.00000000 0.00000000 0.00000000 0.00000000
0.00000000 0.00000000 0.00000000 0.00000000 0.00000000 0.00000000 0.00000000 0.00000000 0.00000000 0.00000000 0.00000000 0.00000000 0.00000000 0.00000000 0.00000000 0.00000000 0.00000000 0.00000000 0.00000000 0.00000000 0.00000000 0.00000000 0.00000000 0.00000000 0.00000000 0.00000000 0.00000000 0.00000000 0.00000000 0.00000000 0.00000000 0.00000000
