32
0.08055598 0.04333167 0.15852276 0.19185828 0.13961391 0.21365302 0.08441309 0.04080860 0.01577571 0.00307536 0.00697303 0.01987674 0.00094066 0.00016169 0.00025670 0.00007112 0.00009890 0.00000444 0.00000778 0.00000056 0.00000000 0.00000000 0.00000000 0.00000000 0.00000000 0.00000000 0.00000000 0.00000000 0.00000000 0.00000000 0.00000000 0.00000000
32842.56551175
0.00113116 0.15118220 0.18359267 0.23127380 0.11181924 0.04301854 0.03275534 0.01849859 0.02112647 0.12628980 0.02823760 0.02356122 0.00516609 0.00021382 0.00128290 0.00031728 0.00047591 0.00076560 0.00028969 0.00019312 0.00064835 0.00053109 0.00084147 0.00026210 0.00073801 0.00001379 0.00000000 0.00000000 0.00000000 0.00000000 0.00000000 0.01577415
0.00033338 0.04982818 0.08850079 0.31760014 0.15435708 0.10347746 0.02240088 0.04185259 0.08034569 0.05143099 0.01377135 0.00956557 0.02170847 0.00848849 0.00197466 0.00011540 0.00052572 0.00071806 0.00021798 0.00038467 0.00016669 0.00011540 0.00125660 0.00021798 0.00076935 0.00002564 0.00000000 0.00000000 0.00000000 0.00000000 0.00000000 0.02985075
0.03841463 0.29041247 0.14125086 0.20802081 0.07189073 0.02888107 0.02870932 0.04930111 0.02893014 0.02466808 0.02451386 0.00957562 0.00672957 0.00900080 0.00473523 0.00239741 0.00460204 0.00181208 0.00079213 0.00057832 0.00123025 0.00039256 0.00204691 0.00017525 0.00223267 0.00000701 0.00000000 0.00000000 0.00000000 0.00000000 0.00000000 0.01869909
0.01508232 0.33118547 0.07287181 0.22458406 0.07475131 0.03771159 0.03383386 0.03957661 0.04545836 0.01500702 0.02820116 0.01340554 0.00687508 0.00332170 0.00408335 0.00356786 0.00548211 0.00175787 0.00168547 0.00096147 0.00233706 0.00207643 0.00337093 0.00064581 0.00187660 0.00001158 0.00000000 0.00000000 0.00000000 0.00000000 0.00000000 0.03027758
0.00120187 0.12555517 0.03679619 0.17261497 0.12964629 0.03820898 0.04994110 0.06724876 0.08012703 0.09546475 0.03295977 0.02368312 0.01158089 0.01140976 0.02155001 0.00950349 0.01153711 0.00499849 0.00232414 0.00083971 0.00113421 0.00027062 0.00186249 0.00021888 0.00271415 0.00003582 0.00000000 0.00000000 0.00000000 0.00000000 0.00000000 0.06657222
0.00527916 0.13231443 0.02904837 0.11205859 0.14404820 0.07978030 0.06715713 0.02748283 0.04109162 0.11214440 0.06678525 0.03188560 0.01105763 0.02311387 0.02318669 0.01283122 0.01646681 0.00576026 0.00177359 0.00095441 0.00163316 0.00084519 0.00437156 0.00097001 0.00444438 0.00024445 0.00000000 0.00000000 0.00000000 0.00000000 0.00000000 0.04327089
0.00011848 0.11690560 0.03034372 0.07035662 0.11296289 0.08429104 0.16373103 0.06317549 0.05199242 0.08091439 0.05914722 0.03013309 0.01417796 0.00806972 0.01534958 0.01321696 0.01927254 0.00500244 0.00221819 0.00071745 0.00077011 0.00038835 0.00107289 0.00022379 0.00092150 0.00001975 0.00000000 0.00000000 0.00000000 0.00000000 0.00000000 0.05450680
0.00038123 0.02761175 0.01436410 0.11841192 0.31769848 0.10519150 0.10015385 0.05092107 0.06868899 0.04593789 0.01957874 0.01970128 0.02840143 0.01097390 0.00667148 0.00217844 0.00317236 0.00099391 0.00083053 0.00020423 0.00019061 0.00005446 0.00049015 0.00005446 0.00031315 0.00005446 0.00000000 0.00000000 0.00000000 0.00000000 0.00000000 0.05677563
0.00000000 0.00204276 0.00140880 0.01778607 0.08269644 0.04680731 0.02634452 0.10942838 0.21308069 0.07410277 0.12478428 0.07051034 0.01440496 0.00169056 0.01172824 0.00320502 0.00753707 0.00535343 0.00369809 0.00176100 0.00190188 0.00081006 0.00140880 0.00376853 0.02070933 0.00000000 0.00000000 0.00000000 0.00000000 0.00000000 0.00000000 0.15303068
0.00000000 0.06847335 0.02276423 0.08455285 0.05709124 0.05365854 0.06016260 0.03414634 0.01734417 0.07136405 0.00758808 0.01878952 0.03577236 0.00668473 0.00307136 0.00831075 0.00108401 0.00126468 0.01156278 0.00108401 0.00072267 0.00072267 0.07678410 0.00849142 0.08798555 0.00108401 0.00000000 0.00000000 0.00000000 0.00000000 0.00000000 0.25943993
0.01832669 0.25649402 0.18669323 0.05266932 0.04000000 0.15011952 0.19059761 0.00701195 0.00278884 0.01003984 0.00533865 0.00486056 0.00422311 0.00756972 0.00366534 0.00310757 0.00079681 0.00103586 0.00478088 0.00023904 0.00103586 0.00015936 0.00127490 0.00127490 0.00478088 0.00031873 0.00000000 0.00000000 0.00000000 0.00000000 0.00000000 0.04079681
0.00000000 0.00000000 0.00041930 0.00349416 0.01909208 0.02937888 0.13414771 0.09386705 0.20646279 0.18158439 0.13973836 0.07284620 0.05543132 0.01604517 0.01794599 0.00564656 0.00573042 0.00215240 0.00209649 0.00075474 0.00033544 0.00000000 0.00000000 0.00005591 0.00097836 0.00000000 0.00000000 0.00000000 0.00000000 0.00000000 0.00000000 0.01179628
0.00000000 0.00000000 0.00000000 0.03189604 0.05256940 0.04489073 0.08978145 0.04725340 0.03012404 0.10041347 0.05375074 0.03130538 0.02421737 0.02598937 0.10513881 0.02185470 0.00472534 0.00177200 0.11931483 0.00000000 0.00059067 0.00059067 0.00354400 0.00767868 0.00767868 0.00413467 0.00000000 0.00000000 0.00000000 0.00000000 0.00000000 0.19078559
0.00000000 0.00000000 0.00000000 0.03092784 0.00687285 0.00687285 0.01374570 0.05498282 0.02405498 0.01718213 0.00343643 0.03092784 0.03092784 0.01030928 0.07560137 0.07560137 0.00343643 0.00000000 0.05498282 0.00343643 0.00000000 0.00000000 0.00000000 0.00000000 0.04467354 0.00000000 0.00000000 0.00000000 0.00000000 0.00000000 0.00000000 0.51202749
0.00000000 0.00000000 0.01298701 0.02380952 0.13419913 0.14285714 0.05627706 0.06277056 0.05411255 0.01731602 0.00432900 0.00649351 0.01298701 0.00432900 0.01298701 0.00649351 0.00000000 0.00000000 0.01082251 0.00216450 0.00000000 0.00000000 0.00432900 0.00216450 0.00865801 0.00000000 0.00000000 0.00000000 0.00000000 0.00000000 0.00000000 0.41991342
0.00000000 0.00000000 0.03125000 0.21875000 0.09375000 0.03125000 0.01562500 0.01562500 0.02343750 0.02343750 0.00000000 0.03906250 0.00781250 0.01562500 0.00781250 0.00000000 0.00781250 0.00000000 0.00781250 0.00000000 0.00000000 0.00000000 0.00781250 0.00000000 0.00781250 0.00000000 0.00000000 0.00000000 0.00000000 0.00000000 0.00000000 0.44531250
0.00000000 0.00000000 0.00000000 0.00000000 0.00000000 0.01123596 0.06741573 0.34269663 0.11235955 0.12359551 0.08988764 0.02808989 0.02808989 0.01685393 0.00561798 0.00561798 0.00000000 0.00000000 0.00000000 0.00000000 0.00000000 0.00000000 0.00000000 0.00000000 0.00000000 0.00000000 0.00000000 0.00000000 0.00000000 0.00000000 0.00000000 0.16853933
0.00000000 0.00000000 0.00000000 0.00000000 0.00000000 0.00000000 0.00000000 0.00000000 0.00000000 0.12500000 0.00000000 0.12500000 0.00000000 0.00000000 0.00000000 0.12500000 0.00000000 0.00000000 0.12500000 0.00000000 0.00000000 0.00000000 0.00000000 0.00000000 0.00000000 0.00000000 0.00000000 0.00000000 0.00000000 0.00000000 0.00000000 0.50000000
0.00000000 0.00000000 0.07142857 0.00000000 0.00000000 0.00000000 0.00000000 0.00000000 0.00000000 0.00000000 0.00000000 0.21428571 0.14285714 0.00000000 0.00000000 0.00000000 0.00000000 0.00000000 0.00000000 0.00000000 0.00000000 0.00000000 0.00000000 0.00000000 0.00000000 0.00000000 0.00000000 0.00000000 0.00000000 0.00000000 0.00000000 0.57142857
0.00000000 0.00000000 0.00000000 0.00000000 0.00000000 0.00000000 0.00000000 0.00000000 0.00000000 0.00000000 1.00000000 0.00000000 0.00000000 0.00000000 0.00000000 0.00000000 0.00000000 0.00000000 0.00000000 0.00000000 0.00000000 0.00000000 0.00000000 0.00000000 0.00000000 0.00000000 0.00000000 0.00000000 0.00000000 0.00000000 0.00000000 0.00000000
0.00000000 0.00000000 0.00000000 0.00000000 0.00000000 0.00000000 0.00000000 0.00000000 0.00000000 0.00000000 0.00000000 0.00000000 0.00000000 0.00000000 0.00000000 0.00000000 0.00000000 0.00000000 0.00000000 0.00000000 0.00000000 0.00000000 0.00000000 0.00000000 0.00000000 0.00000000 0.00000000 0.00000000 0.00000000 0.00000000 0.00000000 0.00000000
0.00000000 0.00000000 0.00000000 0.00000000 0.00000000 0.00000000 0.00000000 0.00000000 0.00000000 0.00000000 0.00000000 0.00000000 0.00000000 0.00000000 0.00000000 0.00000000 0.00000000 0.00000000 0.00000000 0.00000000 0.00000000 0.00000000 0.00000000 0.00000000 0.00000000 0.00000000 0.00000000 0.00000000 0.00000000 0.00000000 0.00000000 0.00000000
0.00000000 0.00000000 0.00000000 0.00000000 0.00000000 0.00000000 0.00000000 0.00000000 0.00000000 0.00000000 0.00000000 0.00000000 0.00000000 0.00000000 0.00000000 0.00000000 0.00000000 0.00000000 0.00000000 0.00000000 0.00000000 0.00000000 0.00000000 0.00000000 0.00000000 0.00000000 0.00000000 0.00000000 0.00000000 0.00000000 0.00000000 0.00000000
0.00000000 0.00000000 0.00000000 0.00000000 0.00000000 0.00000000 0.00000000 0.00000000 0.00000000 0.00000000 0.00000000 0.00000000 0.00000000 0.00000000 0.00000000 0.00000000 0.00000000 0.00000000 0.00000000 0.00000000 0.00000000 0.00000000 0.00000000 0.00000000 0.00000000 0.00000000 0.00000000 0.00000000 0.00000000 0.00000000 0.00000000 0.00000000
0.00000000 0.00000000 0.00000000 0.00000000 0.00000000 0.00000000 0.00000000 0.00000000 0.00000000 0.00000000 0.00000000 0.00000000 0.00000000 0.00000000 0.00000000 0.00000000 0.00000000 0.00000000 0.00000000 0.00000000 0.00000000 0.00000000 0.00000000 0.00000000 0.00000000 0.00000000 0.00000000 0.00000000 0.00000000 0.00000000 0.00000000 0.00000000
0.00000000 0.00000000 0.00000000 0.00000000 0.00000000 0.00000000 0.00000000 0.00000000 0.00000000 0.00000000 0.00000000 0.00000000 0.00000000 0.00000000 0.00000000 0.00000000 0.00000000 0.00000000 0.00000000 0.00000000 0.00000000 0.00000000 0.00000000 0.00000000 0.00000000 0.00000000 0.00000000 0.00000000 0.00000000 0.00000000 0.00000000 0.00000000
0.00000000 0.00000000 0.00000000 0.00000000 0.00000000 0.00000000 0.00000000 0.00000000 0.00000000 0.00000000 0.00000000 0.00000000 0.00000000 0.00000000 0.00000000 0.00000000 0.00000000 0.00000000 0.00000000 0.00000000 0.00000000 0.00000000 0.00000000 0.00000000 0.00000000 0.00000000 0.00000000 0.00000000 0.00000000 0.00000000 0.00000000 0.00000000
0.00000000 0.00000000 0.00000000 0.00000000 0.00000000 0.00000000 0.00000000 0.00000000 0.00000000 0.00000000 0.00000000 0.00000000 0.00000000 0.00000000 0.00000000 0.00000000 0.00000000 0.00000000 0.00000000 0.00000000 0.00000000 0.00000000 0.00000000 0.00000000 0.00000000 0.00000000 0.00000000 0.00000000 0.00000000 0.00000000 0.00000000 0.00000000
0.00000000 0.00000000 0.00000000 0.00000000 0.00000000 0.00000000 0.00000000 0.00000000 0.00000000 0.00000000 0.00000000 0.00000000 0.00000000 0.00000000 0.00000000 0.00000000 0.00000000 0.00000000 0.00000000 0.00000000 0.00000000 0.00000000 0.00000000 0.00000000 0.00000000 0.00000000 0.00000000 0.00000000 0.00000000 0.00000000 0.00000000 0.00000000
0.00000000 0.00000000 0.00000000 0.00000000 0.00000000 0.00000000 0.00000000 0.00000000 0.00000000 0.00000000 0.00000000 0.00000000 0.00000000 0.00000000 0.00000000 0.00000000 0.00000000 0.00000000 0.00000000 0.00000000 0.00000000 0.00000000 0.00000000 0.00000000 0.00000000 0.00000000 0.00000000 0.00000000 0.00000000 0.00000000 0.00000000 0.00000000
0.00000000 0.00000000 0.00000000 0.00000000 0.00000000 0.00000000 0.00000000 0.00000000 0.00000000 0.00000000 0.00000000 0.00000000 0.00000000 0.00000000 0.00000000 0.00000000 0.00000000 0.00000000 0.00000000 0.00000000 0.00000000 0.00000000 0.00000000 0.00000000 0.00000000 0.00000000 0.00000000 0.00000000 0.00000000 0.00000000 0.00000000 0.00000000
0.00000000 0.00000000 0.00000000 0.00000000 0.00000000 0.00000000 0.00000000 0.00000000 0.00000000 0.00000000 0.00000000 0.00000000 0.00000000 0.00000000 0.00000000 0.00000000 0.00000000 0.00000000 0.00000000 0.00000000 0.00000000 0.00000000 0.00000000 0.00000000 0.00000000 0.00000000 0.00000000 0.00000000 0.00000000 0.00000000 0.00000000 0.00000000